EDF       Z     N      beta_2     beta_3  
SV-min     2     2   0.000194   0.000005  
SV-min     2     4   0.000054   0.000004  
SV-min     2     6   0.000005   -0.000000  
SV-min     4     2   0.000009   0.000000  
SV-min     4     4   0.014597   0.006028  
SV-min     4     6   0.000247   0.000002  
SV-min     4     8   0.002024   0.000336  
SV-min     6     4   0.000194   0.000007  
SV-min     6     6   -0.000000   0.000000  
SV-min     6     8   0.011646   0.010969  
SV-min     6    10   0.000314   -0.000000  
SV-min     6    12   0.000366   -0.000000  
SV-min     6    14   0.000003   0.000000  
SV-min     6    16   0.000007   -0.000000  
SV-min     8     6   0.003298   0.000801  
SV-min     8     8   0.000231   0.000001  
SV-min     8    10   0.002244   0.000018  
SV-min     8    12   0.005594   0.000233  
SV-min     8    14   0.000001   0.000000  
SV-min     8    16   0.002819   0.000476  
SV-min     8    18   -0.000084   -0.000000  
SV-min     8    20   0.000224   0.000008  
SV-min    10     8   0.004650   0.000614  
SV-min    10    10   -0.000528   -0.000000  
SV-min    10    12   -0.000000   -0.000000  
SV-min    10    14   0.001944   0.006304  
SV-min    10    16   -0.000000   -0.000000  
SV-min    10    18   0.000499   0.000009  
SV-min    10    20   -0.000000   0.000000  
SV-min    10    22   0.010280   0.000802  
SV-min    10    24   0.044792   -0.000000  
SV-min    12     8   0.000334   -0.000000  
SV-min    12    10   0.008504   -0.000000  
SV-min    12    12   0.056335   0.000000  
SV-min    12    14   -0.018371   -0.000000  
SV-min    12    16   0.000108   0.000006  
SV-min    12    18   -0.000207   0.000006  
SV-min    12    20   0.000297   0.000005  
SV-min    12    22   0.000715   0.000000  
SV-min    12    24   0.150686   -0.000000  
SV-min    12    26   0.180294   -0.000000  
SV-min    12    28   0.136662   -0.000000  
SV-min    12    30   -0.054050   0.000000  
SV-min    12    32   0.000046   0.000000  
SV-min    14    10   0.000000   -0.000000  
SV-min    14    12   -0.023399   0.000000  
SV-min    14    14   0.000000   0.000000  
SV-min    14    16   -0.000000   -0.000000  
SV-min    14    18   0.000000   -0.000000  
SV-min    14    20   0.000017   0.000014  
SV-min    14    22   -0.000458   -0.000000  
SV-min    14    24   0.058764   -0.000000  
SV-min    14    26   0.111400   -0.000000  
SV-min    14    28   -0.097265   -0.000000  
SV-min    14    30   -0.042890   -0.000000  
SV-min    14    32   -0.000447   -0.000000  
SV-min    14    34   -0.000003   -0.000000  
SV-min    16    12   -0.022044   0.000101  
SV-min    16    14   0.000000   -0.000000  
SV-min    16    16   -0.000287   -0.000000  
SV-min    16    18   -0.000213   0.000000  
SV-min    16    20   0.000108   0.000011  
SV-min    16    22   0.000272   0.000005  
SV-min    16    24   0.009906   -0.000000  
SV-min    16    26   0.035542   -0.000000  
SV-min    16    28   -0.038667   -0.000000  
SV-min    16    30   0.002257   -0.000000  
SV-min    16    32   -0.000341   -0.000000  
SV-min    16    34   -0.000000   -0.000000  
SV-min    16    36   -0.000001   -0.000000  
SV-min    18    14   -0.000000   -0.000000  
SV-min    18    16   0.000148   0.000006  
SV-min    18    18   0.000167   0.000000  
SV-min    18    20   -0.000129   0.000000  
SV-min    18    22   0.000083   0.000012  
SV-min    18    24   -0.000347   -0.000000  
SV-min    18    26   0.000560   0.000000  
SV-min    18    28   -0.000000   0.000000  
SV-min    18    30   -0.000000   0.000000  
SV-min    18    32   0.000239   0.000000  
SV-min    18    34   -0.000000   0.000000  
SV-min    18    36   -0.000000   -0.000000  
SV-min    18    38   -0.000000   0.000000  
SV-min    18    40   -0.000000   -0.000000  
SV-min    20    16   -0.000074   0.000014  
SV-min    20    18   -0.000121   -0.000000  
SV-min    20    20   0.000055   0.000022  
SV-min    20    22   0.000018   -0.000000  
SV-min    20    24   0.000239   -0.000000  
SV-min    20    26   0.000295   0.000001  
SV-min    20    28   -0.000281   -0.000000  
SV-min    20    30   0.000226   0.000002  
SV-min    20    32   0.000190   0.000003  
SV-min    20    34   0.000175   -0.000013  
SV-min    20    36   0.000158   -0.000019  
SV-min    20    38   -0.000000   -0.000000  
SV-min    20    40   0.000111   -0.000041  
SV-min    20    42   -0.000000   -0.000000  
SV-min    20    44   0.000230   0.000002  
SV-min    20    46   -0.000321   -0.000000  
SV-min    20    48   -0.000413   0.000000  
SV-min    20    50   -0.000435   -0.000000  
SV-min    22    18   -0.000224   -0.000000  
SV-min    22    20   0.000166   -0.000000  
SV-min    22    22   -0.000001   -0.000000  
SV-min    22    24   -0.000001   -0.000000  
SV-min    22    26   -0.000000   0.000000  
SV-min    22    28   -0.000000   -0.000000  
SV-min    22    30   -0.000308   -0.000000  
SV-min    22    32   -0.000008   0.000060  
SV-min    22    34   -0.000001   0.000000  
SV-min    22    36   -0.000001   -0.000000  
SV-min    22    38   -0.000001   0.000000  
SV-min    22    40   -0.000000   0.000000  
SV-min    22    42   -0.000000   0.000000  
SV-min    22    44   -0.000000   0.000000  
SV-min    22    46   0.000000   0.000000  
SV-min    22    48   0.030397   -0.000000  
SV-min    22    50   0.031525   -0.000000  
SV-min    22    52   0.018736   0.000000  
SV-min    22    54   0.000006   0.000000  
SV-min    22    56   0.000577   0.000000  
SV-min    24    20   0.000123   0.000028  
SV-min    24    22   -0.000000   -0.000000  
SV-min    24    24   0.036483   0.000000  
SV-min    24    26   0.058665   -0.000000  
SV-min    24    28   0.031824   -0.000000  
SV-min    24    30   -0.000000   -0.000000  
SV-min    24    32   -0.000000   -0.000000  
SV-min    24    34   -0.000000   -0.000000  
SV-min    24    36   -0.000001   0.000000  
SV-min    24    38   -0.000001   -0.000000  
SV-min    24    40   -0.000000   -0.000000  
SV-min    24    42   -0.000000   0.000000  
SV-min    24    44   -0.000000   0.000000  
SV-min    24    46   0.072469   0.000000  
SV-min    24    48   0.098186   -0.000000  
SV-min    24    50   0.092739   -0.000000  
SV-min    24    52   0.065532   -0.000000  
SV-min    24    54   0.031721   -0.000000  
SV-min    24    56   0.000009   0.000000  
SV-min    24    58   0.000043   -0.000000  
SV-min    26    22   -0.000000   -0.000000  
SV-min    26    24   0.075328   0.000000  
SV-min    26    26   0.090972   0.000000  
SV-min    26    28   -0.000001   0.000000  
SV-min    26    30   0.000855   -0.000000  
SV-min    26    32   -0.000000   0.000000  
SV-min    26    34   0.026234   0.000000  
SV-min    26    36   -0.000000   -0.000000  
SV-min    26    38   0.000413   -0.000000  
SV-min    26    40   0.000306   -0.000000  
SV-min    26    42   0.000308   -0.000000  
SV-min    26    44   -0.000000   -0.000000  
SV-min    26    46   -0.002080   -0.000000  
SV-min    26    48   -0.000001   -0.000000  
SV-min    26    50   -0.000000   0.000000  
SV-min    26    52   0.040317   -0.000000  
SV-min    26    54   0.000000   -0.000000  
SV-min    26    56   0.000004   -0.000000  
SV-min    26    58   0.000005   0.000000  
SV-min    26    60   -0.000003   -0.000000  
SV-min    28    24   0.052511   0.000000  
SV-min    28    26   0.063576   -0.000000  
SV-min    28    28   0.001563   -0.000000  
SV-min    28    30   0.000984   -0.000000  
SV-min    28    32   -0.000000   0.000000  
SV-min    28    34   -0.041615   -0.000000  
SV-min    28    36   -0.000000   -0.000000  
SV-min    28    38   0.000477   -0.000000  
SV-min    28    40   0.000328   0.000000  
SV-min    28    42   -0.000309   0.000000  
SV-min    28    44   0.000366   0.000000  
SV-min    28    46   -0.000000   -0.000000  
SV-min    28    48   0.000555   -0.000000  
SV-min    28    50   0.000716   -0.000000  
SV-min    28    52   0.000849   -0.000000  
SV-min    28    54   0.000809   0.000000  
SV-min    28    56   -0.000652   -0.000000  
SV-min    28    58   0.000535   -0.000000  
SV-min    28    60   -0.000002   0.000000  
SV-min    28    62   -0.000002   -0.000000  
SV-min    28    64   0.000001   -0.000000  
SV-min    30    26   -0.000001   0.000000  
SV-min    30    28   0.001239   0.000000  
SV-min    30    30   -0.000897   -0.000000  
SV-min    30    32   0.001586   0.000000  
SV-min    30    34   -0.067450   -0.000000  
SV-min    30    36   -0.000000   0.000000  
SV-min    30    38   0.000547   -0.000000  
SV-min    30    40   -0.000000   -0.000000  
SV-min    30    42   0.000352   0.000000  
SV-min    30    44   -0.000000   0.000000  
SV-min    30    46   0.000000   0.000000  
SV-min    30    48   -0.003874   -0.000000  
SV-min    30    50   0.000000   0.000000  
SV-min    30    52   0.046667   -0.000000  
SV-min    30    54   -0.056456   0.000000  
SV-min    30    56   0.031586   0.000000  
SV-min    30    58   0.007943   -0.000000  
SV-min    30    60   0.029115   -0.000000  
SV-min    30    62   0.000001   -0.000000  
SV-min    30    64   -0.063339   -0.000000  
SV-min    30    66   0.000002   0.000000  
SV-min    30    68   -0.000000   -0.000000  
SV-min    30    70   0.000001   -0.000000  
SV-min    30    72   0.145592   0.000016  
SV-min    30    74   0.169880   0.000000  
SV-min    32    30   -0.000000   -0.000000  
SV-min    32    32   0.068632   -0.000000  
SV-min    32    34   -0.119647   -0.000000  
SV-min    32    36   -0.108066   -0.000000  
SV-min    32    38   0.000949   0.000000  
SV-min    32    40   0.000523   -0.000000  
SV-min    32    42   0.000491   0.000000  
SV-min    32    44   0.046520   0.000005  
SV-min    32    46   0.071692   0.000000  
SV-min    32    48   0.079277   0.000001  
SV-min    32    50   0.080846   0.000001  
SV-min    32    52   0.086203   0.000000  
SV-min    32    54   0.098684   0.000000  
SV-min    32    56   -0.119254   -0.000000  
SV-min    32    58   -0.138063   -0.000000  
SV-min    32    60   -0.150436   -0.000000  
SV-min    32    62   -0.154842   -0.000000  
SV-min    32    64   -0.152004   -0.000000  
SV-min    32    66   -0.142974   -0.000000  
SV-min    32    68   -0.128569   -0.000000  
SV-min    32    70   0.138589   0.000028  
SV-min    32    72   0.148051   0.000016  
SV-min    32    74   0.156818   0.000012  
SV-min    32    76   0.163942   0.000000  
SV-min    32    78   0.168761   0.000000  
SV-min    34    32   -0.129480   -0.000000  
SV-min    34    34   -0.145545   -0.000000  
SV-min    34    36   -0.137098   -0.000000  
SV-min    34    38   -0.102852   -0.000000  
SV-min    34    40   0.000586   -0.000000  
SV-min    34    42   -0.000525   -0.000000  
SV-min    34    44   0.040788   0.000009  
SV-min    34    46   0.059460   -0.000000  
SV-min    34    48   0.060117   -0.000000  
SV-min    34    50   0.058393   -0.000000  
SV-min    34    52   -0.074441   -0.000000  
SV-min    34    54   -0.103350   -0.000000  
SV-min    34    56   -0.130630   -0.000000  
SV-min    34    58   -0.153886   -0.000000  
SV-min    34    60   -0.169195   -0.000000  
SV-min    34    62   -0.176242   -0.000000  
SV-min    34    64   -0.176280   -0.000000  
SV-min    34    66   -0.169879   -0.000000  
SV-min    34    68   -0.156831   0.000000  
SV-min    34    70   -0.136883   0.000000  
SV-min    34    72   0.119108   0.000010  
SV-min    34    74   0.114170   -0.000000  
SV-min    34    76   0.115670   -0.000000  
SV-min    34    78   0.121564   0.000000  
SV-min    34    80   0.127681   -0.000000  
SV-min    34    82   0.131229   0.000000  
SV-min    36    34   -0.145028   -0.000000  
SV-min    36    36   -0.135637   -0.000000  
SV-min    36    38   -0.083017   0.000004  
SV-min    36    40   -0.000440   -0.000000  
SV-min    36    42   -0.000388   0.000000  
SV-min    36    44   0.000000   -0.000000  
SV-min    36    46   0.023520   0.000005  
SV-min    36    48   0.000000   0.000000  
SV-min    36    50   0.000853   -0.000000  
SV-min    36    52   -0.044096   -0.000000  
SV-min    36    54   -0.079404   -0.000000  
SV-min    36    56   -0.113972   -0.000000  
SV-min    36    58   -0.146859   -0.000000  
SV-min    36    60   -0.166870   -0.000000  
SV-min    36    62   -0.177008   0.000000  
SV-min    36    64   -0.178602   -0.000000  
SV-min    36    66   -0.173890   -0.000000  
SV-min    36    68   -0.157807   0.000000  
SV-min    36    70   -0.123311   0.000000  
SV-min    36    72   0.000000   0.000000  
SV-min    36    74   0.000000   0.000000  
SV-min    36    76   -0.000000   -0.000000  
SV-min    36    78   0.000000   0.000000  
SV-min    36    80   -0.000816   -0.000000  
SV-min    36    82   0.001239   -0.000000  
SV-min    36    84   -0.045751   -0.000000  
SV-min    38    36   -0.093724   -0.000000  
SV-min    38    38   -0.000431   -0.000000  
SV-min    38    40   -0.000289   -0.000000  
SV-min    38    42   -0.000262   -0.000000  
SV-min    38    44   0.000000   -0.000000  
SV-min    38    46   0.000000   0.000000  
SV-min    38    48   0.000338   0.000000  
SV-min    38    50   0.000365   0.000000  
SV-min    38    52   0.000502   -0.000000  
SV-min    38    54   0.000770   -0.000000  
SV-min    38    56   0.001214   -0.000000  
SV-min    38    58   -0.124944   -0.000000  
SV-min    38    60   -0.154588   -0.000000  
SV-min    38    62   -0.169252   -0.000000  
SV-min    38    64   -0.173421   0.000000  
SV-min    38    66   -0.168355   0.000000  
SV-min    38    68   -0.150606   -0.000000  
SV-min    38    70   0.000467   0.000000  
SV-min    38    72   0.000348   0.000000  
SV-min    38    74   0.000300   0.000000  
SV-min    38    76   0.000274   0.000011  
SV-min    38    78   -0.000257   -0.000000  
SV-min    38    80   0.000255   0.000000  
SV-min    38    82   -0.000288   -0.000000  
SV-min    38    84   0.000363   0.000000  
SV-min    38    86   0.000466   0.000000  
SV-min    38    88   0.001191   0.000000  
SV-min    40    38   -0.000293   0.000000  
SV-min    40    40   -0.000215   -0.000000  
SV-min    40    42   -0.000195   0.000000  
SV-min    40    44   -0.000222   -0.000000  
SV-min    40    46   0.000000   0.000000  
SV-min    40    48   -0.000233   -0.000000  
SV-min    40    50   0.000245   0.000000  
SV-min    40    52   -0.000305   0.000000  
SV-min    40    54   0.000408   0.000000  
SV-min    40    56   0.000534   0.000000  
SV-min    40    58   0.000742   -0.000000  
SV-min    40    60   -0.148324   -0.000000  
SV-min    40    62   -0.166921   0.000000  
SV-min    40    64   -0.173682   0.000000  
SV-min    40    66   -0.171280   -0.000000  
SV-min    40    68   0.000433   -0.000000  
SV-min    40    70   0.000316   -0.000000  
SV-min    40    72   0.000250   0.000000  
SV-min    40    74   0.000216   0.000000  
SV-min    40    76   0.000202   0.000000  
SV-min    40    78   0.000189   -0.000000  
SV-min    40    80   0.000180   0.000000  
SV-min    40    82   0.000194   0.000000  
SV-min    40    84   0.000235   -0.000000  
SV-min    40    86   0.000291   0.000000  
SV-min    40    88   0.000065   0.000229  
SV-min    40    90   0.000135   0.000249  
SV-min    40    92   -0.000000   -0.000000  
SV-min    40    94   -0.000000   0.000000  
SV-min    42    40   0.000155   0.000000  
SV-min    42    42   0.000000   -0.000000  
SV-min    42    44   0.000000   -0.000000  
SV-min    42    46   0.000000   -0.000000  
SV-min    42    48   0.000000   0.000000  
SV-min    42    50   0.000186   -0.000000  
SV-min    42    52   0.000000   -0.000000  
SV-min    42    54   0.000000   -0.000000  
SV-min    42    56   -0.000000   -0.000000  
SV-min    42    58   -0.000000   0.000000  
SV-min    42    60   -0.195959   0.000000  
SV-min    42    62   -0.202259   0.000000  
SV-min    42    64   -0.205734   0.000000  
SV-min    42    66   -0.206978   0.000000  
SV-min    42    68   -0.207095   0.000000  
SV-min    42    70   -0.194287   0.000000  
SV-min    42    72   -0.000000   0.000000  
SV-min    42    74   -0.000000   0.000000  
SV-min    42    76   -0.000000   0.000000  
SV-min    42    78   -0.000000   -0.000000  
SV-min    42    80   0.000000   -0.000000  
SV-min    42    82   0.000148   -0.000000  
SV-min    42    84   0.000000   -0.000000  
SV-min    42    86   0.053489   0.000000  
SV-min    42    88   0.054526   -0.000000  
SV-min    42    90   -0.000000   -0.000000  
SV-min    42    92   0.000745   0.000000  
SV-min    42    94   0.000208   0.000000  
SV-min    42    96   0.000194   -0.000000  
SV-min    44    42   0.000000   0.000000  
SV-min    44    44   0.092457   0.000000  
SV-min    44    46   0.107810   0.000000  
SV-min    44    48   0.064387   -0.000000  
SV-min    44    50   0.003588   -0.000000  
SV-min    44    52   0.069208   -0.000000  
SV-min    44    54   0.124085   0.000000  
SV-min    44    56   0.157704   -0.000000  
SV-min    44    58   0.181730   -0.000000  
SV-min    44    60   0.149914   -0.000000  
SV-min    44    62   -0.212624   0.000000  
SV-min    44    64   -0.214009   0.000000  
SV-min    44    66   -0.214036   0.000000  
SV-min    44    68   -0.209162   0.000000  
SV-min    44    70   -0.201256   0.000000  
SV-min    44    72   -0.000000   0.000000  
SV-min    44    74   0.039002   0.000000  
SV-min    44    76   0.075645   0.000000  
SV-min    44    78   0.057147   -0.000000  
SV-min    44    80   0.000000   0.000000  
SV-min    44    82   -0.000153   0.000000  
SV-min    44    84   0.000000   0.000000  
SV-min    44    86   0.075868   0.000000  
SV-min    44    88   0.089105   0.000000  
SV-min    44    90   -0.058294   0.000000  
SV-min    44    92   -0.000000   -0.000000  
SV-min    44    94   -0.000000   -0.000000  
SV-min    44    96   -0.000000   -0.000000  
SV-min    44    98   0.072401   0.000000  
SV-min    44   100   0.079466   0.000000  
SV-min    44   102   -0.197852   0.000000  
SV-min    44   104   -0.195325   0.000000  
SV-min    46    44   0.111568   0.000000  
SV-min    46    46   0.110297   0.000000  
SV-min    46    48   0.079699   0.000000  
SV-min    46    50   -0.000791   0.000000  
SV-min    46    52   0.091175   0.000000  
SV-min    46    54   0.142541   0.000000  
SV-min    46    56   0.164074   0.000000  
SV-min    46    58   0.172838   -0.000000  
SV-min    46    60   0.172066   -0.000000  
SV-min    46    62   0.182793   -0.000000  
SV-min    46    64   0.191605   0.000000  
SV-min    46    66   0.211117   0.000000  
SV-min    46    68   0.210917   0.000000  
SV-min    46    70   0.197630   0.000000  
SV-min    46    72   0.163638   0.000000  
SV-min    46    74   0.115049   -0.000000  
SV-min    46    76   0.094905   0.000000  
SV-min    46    78   0.076223   0.000000  
SV-min    46    80   0.000000   -0.000000  
SV-min    46    82   0.001168   0.000000  
SV-min    46    84   0.000000   -0.000000  
SV-min    46    86   0.083235   0.000000  
SV-min    46    88   0.095506   -0.000000  
SV-min    46    90   0.117413   0.000000  
SV-min    46    92   0.128165   -0.000000  
SV-min    46    94   0.136547   0.000000  
SV-min    46    96   0.145686   -0.000000  
SV-min    46    98   0.118104   -0.000000  
SV-min    46   100   0.146840   0.000000  
SV-min    46   102   0.184295   -0.000000  
SV-min    46   104   0.194711   0.000000  
SV-min    46   106   0.189085   0.000000  
SV-min    46   108   0.181477   0.000000  
SV-min    46   110   0.170913   0.000000  
SV-min    48    46   0.079812   -0.000000  
SV-min    48    48   0.000000   0.000000  
SV-min    48    50   0.000202   -0.000000  
SV-min    48    52   -0.000000   -0.000000  
SV-min    48    54   0.115330   0.000000  
SV-min    48    56   0.138704   0.000000  
SV-min    48    58   0.147671   0.000000  
SV-min    48    60   0.144376   0.000000  
SV-min    48    62   0.139760   -0.000000  
SV-min    48    64   0.141293   -0.000000  
SV-min    48    66   0.148092   -0.000000  
SV-min    48    68   0.157185   -0.000000  
SV-min    48    70   0.142506   0.000000  
SV-min    48    72   0.000000   -0.000000  
SV-min    48    74   0.000000   -0.000000  
SV-min    48    76   0.065988   0.000000  
SV-min    48    78   -0.009707   0.000000  
SV-min    48    80   0.000000   -0.000000  
SV-min    48    82   -0.000117   0.000000  
SV-min    48    84   0.000000   -0.000000  
SV-min    48    86   0.028047   0.000000  
SV-min    48    88   0.033085   0.000000  
SV-min    48    90   -0.000000   -0.000000  
SV-min    48    92   -0.000000   -0.000000  
SV-min    48    94   0.123488   0.000000  
SV-min    48    96   0.130337   0.000000  
SV-min    48    98   0.139592   -0.000000  
SV-min    48   100   0.121025   -0.000000  
SV-min    48   102   0.253057   -0.000000  
SV-min    48   104   0.223009   0.000000  
SV-min    48   106   0.209899   0.000000  
SV-min    48   108   0.197224   -0.000000  
SV-min    48   110   0.164527   -0.000000  
SV-min    48   112   0.125074   -0.000000  
SV-min    48   114   0.115198   -0.000000  
SV-min    48   116   0.094620   0.000000  
SV-min    48   118   0.075555   -0.000000  
SV-min    48   120   0.058714   0.000000  
SV-min    48   122   0.000001   0.000000  
SV-min    50    52   -0.000000   0.000000  
SV-min    50    54   -0.005440   -0.000000  
SV-min    50    56   -0.000000   -0.000000  
SV-min    50    58   -0.000000   0.000000  
SV-min    50    60   0.075087   0.000000  
SV-min    50    62   -0.070153   0.000000  
SV-min    50    64   -0.067706   0.000000  
SV-min    50    66   0.000000   -0.000000  
SV-min    50    68   0.000000   -0.000000  
SV-min    50    70   0.000000   -0.000000  
SV-min    50    72   0.000000   -0.000000  
SV-min    50    74   0.000783   -0.000000  
SV-min    50    76   0.000290   -0.000000  
SV-min    50    78   -0.000000   0.000000  
SV-min    50    80   0.001269   0.000000  
SV-min    50    82   0.000619   -0.000000  
SV-min    50    84   0.000000   -0.000000  
SV-min    50    86   0.000000   -0.000000  
SV-min    50    88   -0.000000   -0.000000  
SV-min    50    90   0.003867   0.000000  
SV-min    50    92   -0.000002   -0.000000  
SV-min    50    94   -0.000000   0.000000  
SV-min    50    96   -0.000000   0.000000  
SV-min    50    98   -0.117914   0.000000  
SV-min    50   100   0.272111   0.000000  
SV-min    50   102   0.273748   0.000000  
SV-min    50   104   0.267506   0.000000  
SV-min    50   106   0.253963   0.000000  
SV-min    50   108   -0.117913   0.000000  
SV-min    50   110   -0.097687   0.000000  
SV-min    50   112   -0.000000   -0.000000  
SV-min    50   114   -0.000000   0.000000  
SV-min    50   116   -0.000000   -0.000000  
SV-min    50   118   -0.000000   -0.000000  
SV-min    50   120   -0.000000   -0.000000  
SV-min    50   122   -0.000000   0.000000  
SV-min    50   124   0.000104   -0.000000  
SV-min    52    56   0.157459   0.000000  
SV-min    52    58   0.168371   0.000000  
SV-min    52    60   0.167963   0.000000  
SV-min    52    62   0.177913   0.000000  
SV-min    52    64   -0.166310   -0.000000  
SV-min    52    66   -0.166680   0.000000  
SV-min    52    68   -0.157475   0.000000  
SV-min    52    70   -0.141056   -0.000000  
SV-min    52    72   -0.117949   -0.000000  
SV-min    52    74   0.111373   0.000000  
SV-min    52    76   0.088447   0.000000  
SV-min    52    78   -0.000000   -0.000000  
SV-min    52    80   -0.000000   -0.000000  
SV-min    52    82   0.000173   -0.000000  
SV-min    52    84   0.000000   -0.000000  
SV-min    52    86   0.100852   0.000002  
SV-min    52    88   0.129378   -0.000005  
SV-min    52    90   0.145686   -0.000000  
SV-min    52    92   0.162337   0.000000  
SV-min    52    94   0.193054   -0.000000  
SV-min    52    96   0.233368   -0.000000  
SV-min    52    98   0.254964   -0.000000  
SV-min    52   100   0.271553   0.000000  
SV-min    52   102   0.277454   0.000000  
SV-min    52   104   0.276087   -0.000000  
SV-min    52   106   0.267605   0.000000  
SV-min    52   108   0.237510   -0.000000  
SV-min    52   110   0.216031   0.000000  
SV-min    52   112   0.189624   0.000000  
SV-min    52   114   0.146378   -0.000000  
SV-min    52   116   0.117803   0.000000  
SV-min    52   118   0.088477   0.000000  
SV-min    52   120   0.061797   0.000000  
SV-min    52   122   0.019885   -0.000000  
SV-min    52   124   0.000414   0.000000  
SV-min    52   126   0.000143   -0.000000  
SV-min    54    58   0.212972   0.080121  
SV-min    54    60   0.229495   0.000000  
SV-min    54    62   0.252839   0.000000  
SV-min    54    64   0.262045   0.000000  
SV-min    54    66   0.259722   0.000000  
SV-min    54    68   0.250706   0.000000  
SV-min    54    70   0.231752   0.000000  
SV-min    54    72   0.205197   -0.000000  
SV-min    54    74   0.173602   0.000000  
SV-min    54    76   0.142883   -0.000000  
SV-min    54    78   0.112643   0.000000  
SV-min    54    80   0.064967   0.000000  
SV-min    54    82   0.000000   0.000000  
SV-min    54    84   0.092142   0.000000  
SV-min    54    86   0.133440   0.048243  
SV-min    54    88   0.163845   0.094470  
SV-min    54    90   0.183770   0.100840  
SV-min    54    92   0.200128   0.095183  
SV-min    54    94   0.221892   0.050577  
SV-min    54    96   0.239501   0.000000  
SV-min    54    98   0.259127   -0.000000  
SV-min    54   100   0.274246   0.000001  
SV-min    54   102   0.280375   -0.000000  
SV-min    54   104   0.276930   -0.000000  
SV-min    54   106   0.262952   0.000000  
SV-min    54   108   0.241040   -0.000000  
SV-min    54   110   0.223672   -0.000000  
SV-min    54   112   0.204927   0.000000  
SV-min    54   114   0.183950   -0.000000  
SV-min    54   116   0.157313   -0.000000  
SV-min    54   118   0.129216   -0.000000  
SV-min    54   120   0.099320   0.000000  
SV-min    54   122   0.069431   -0.000000  
SV-min    54   124   0.000000   0.000000  
SV-min    54   126   0.000472   0.000000  
SV-min    56    60   0.304094   -0.000000  
SV-min    56    62   0.371057   0.000001  
SV-min    56    64   0.340426   -0.000000  
SV-min    56    66   0.309066   0.000000  
SV-min    56    68   0.284013   -0.000000  
SV-min    56    70   0.261908   0.000000  
SV-min    56    72   0.234573   -0.000000  
SV-min    56    74   0.201763   0.000000  
SV-min    56    76   0.166187   -0.000000  
SV-min    56    78   0.129577   0.000000  
SV-min    56    80   0.085928   -0.000000  
SV-min    56    82   0.006272   0.000000  
SV-min    56    84   0.102042   0.000001  
SV-min    56    86   0.152839   0.098387  
SV-min    56    88   0.183526   0.121485  
SV-min    56    90   0.203540   0.130446  
SV-min    56    92   0.220034   0.126591  
SV-min    56    94   0.248122   0.097459  
SV-min    56    96   0.280330   0.069662  
SV-min    56    98   0.284313   -0.000000  
SV-min    56   100   0.290536   -0.000001  
SV-min    56   102   0.292023   -0.000000  
SV-min    56   104   0.286030   0.000000  
SV-min    56   106   0.270965   0.000000  
SV-min    56   108   0.253374   0.000000  
SV-min    56   110   0.235820   -0.000000  
SV-min    56   112   0.218630   -0.000000  
SV-min    56   114   0.200438   0.000000  
SV-min    56   116   0.177114   0.000000  
SV-min    56   118   0.146499   0.000000  
SV-min    56   120   0.113822   0.000000  
SV-min    56   122   0.082077   -0.000000  
SV-min    56   124   0.000000   -0.000000  
SV-min    56   126   0.000371   -0.000000  
SV-min    58    62   0.385086   0.000008  
SV-min    58    64   0.377105   0.000001  
SV-min    58    66   0.355013   0.000000  
SV-min    58    68   0.326555   0.000000  
SV-min    58    70   0.299348   0.000000  
SV-min    58    72   0.257690   0.000000  
SV-min    58    74   0.214611   0.000000  
SV-min    58    76   0.171329   -0.000000  
SV-min    58    78   0.137400   0.000000  
SV-min    58    80   0.095088   -0.000000  
SV-min    58    82   -0.000000   0.000000  
SV-min    58    84   0.104044   0.000001  
SV-min    58    86   0.154029   0.099804  
SV-min    58    88   0.190042   0.126765  
SV-min    58    90   0.213612   0.134702  
SV-min    58    92   0.286031   0.000002  
SV-min    58    94   0.300997   0.000000  
SV-min    58    96   0.310612   -0.000004  
SV-min    58    98   0.315287   -0.000017  
SV-min    58   100   0.317487   -0.000001  
SV-min    58   102   0.317862   0.000000  
SV-min    58   104   0.315787   -0.000000  
SV-min    58   106   0.344506   -0.000003  
SV-min    58   108   0.280910   0.000000  
SV-min    58   110   0.248122   -0.000000  
SV-min    58   112   0.226101   0.000000  
SV-min    58   114   0.204717   0.000000  
SV-min    58   116   0.179622   -0.000000  
SV-min    58   118   0.150189   0.000000  
SV-min    58   120   0.119783   0.000000  
SV-min    58   122   0.084373   -0.000000  
SV-min    58   124   0.000000   -0.000000  
SV-min    58   126   0.000232   0.000000  
SV-min    58   128   0.000000   0.000000  
SV-min    60    64   0.382506   0.000003  
SV-min    60    66   0.374547   0.000002  
SV-min    60    68   0.358957   0.000000  
SV-min    60    70   0.352884   -0.000000  
SV-min    60    72   0.379457   0.000000  
SV-min    60    74   0.349374   -0.000000  
SV-min    60    76   0.180673   0.000000  
SV-min    60    78   0.141369   0.000000  
SV-min    60    80   0.089663   0.000000  
SV-min    60    82   -0.000000   -0.000000  
SV-min    60    84   0.093275   0.056650  
SV-min    60    86   0.140945   0.102713  
SV-min    60    88   0.196162   0.128646  
SV-min    60    90   0.302240   0.000000  
SV-min    60    92   0.313882   0.000000  
SV-min    60    94   0.323068   -0.000000  
SV-min    60    96   0.330024   0.000000  
SV-min    60    98   0.334295   0.000000  
SV-min    60   100   0.337252   0.000001  
SV-min    60   102   0.341938   -0.000006  
SV-min    60   104   0.353594   -0.000002  
SV-min    60   106   0.359385   -0.000004  
SV-min    60   108   0.354676   -0.000006  
SV-min    60   110   0.336512   -0.000000  
SV-min    60   112   0.235065   -0.000000  
SV-min    60   114   0.212761   0.000000  
SV-min    60   116   0.187217   0.000000  
SV-min    60   118   0.157065   0.000000  
SV-min    60   120   0.120365   0.000000  
SV-min    60   122   0.069292   0.000000  
SV-min    60   124   -0.000000   0.000000  
SV-min    60   126   -0.001597   0.000000  
SV-min    60   128   0.000000   0.000000  
SV-min    62    68   0.365025   -0.000000  
SV-min    62    70   0.372253   0.000000  
SV-min    62    72   0.377377   0.000000  
SV-min    62    74   0.362210   0.000000  
SV-min    62    76   0.196885   -0.000000  
SV-min    62    78   0.146069   0.000000  
SV-min    62    80   0.040225   -0.000000  
SV-min    62    82   -0.000000   -0.000000  
SV-min    62    84   0.074662   0.064021  
SV-min    62    86   0.128862   0.107369  
SV-min    62    88   0.204321   0.102054  
SV-min    62    90   0.303406   -0.000000  
SV-min    62    92   0.321957   -0.000000  
SV-min    62    94   0.329383   0.000000  
SV-min    62    96   0.333497   -0.000000  
SV-min    62    98   0.336811   -0.000000  
SV-min    62   100   0.340007   -0.000000  
SV-min    62   102   0.341702   0.000000  
SV-min    62   104   0.350199   0.000000  
SV-min    62   106   0.358707   0.015579  
SV-min    62   108   0.353364   0.000000  
SV-min    62   110   0.274930   -0.000000  
SV-min    62   112   0.249494   -0.000000  
SV-min    62   114   0.227980   0.000000  
SV-min    62   116   0.201426   -0.000000  
SV-min    62   118   -0.166475   -0.000000  
SV-min    62   120   -0.116278   0.000000  
SV-min    62   122   -0.000000   -0.000000  
SV-min    62   124   -0.000000   -0.000000  
SV-min    62   126   0.000124   -0.000000  
SV-min    62   128   0.000000   -0.000000  
SV-min    62   130   0.070718   0.070783  
SV-min    62   132   0.100904   0.100544  
SV-min    62   134   0.124133   0.116424  
SV-min    62   136   0.148213   0.128446  
SV-min    62   138   0.170400   0.133585  
SV-min    62   140   0.273077   0.014612  
SV-min    62   142   0.283329   -0.000000  
SV-min    62   144   0.291437   -0.000000  
SV-min    62   146   0.298544   -0.000000  
SV-min    64    70   0.361776   0.000000  
SV-min    64    72   0.371118   0.000000  
SV-min    64    74   0.360153   0.000000  
SV-min    64    76   -0.191799   0.000000  
SV-min    64    78   -0.164649   0.000000  
SV-min    64    80   -0.000000   -0.000000  
SV-min    64    82   0.001254   -0.000000  
SV-min    64    84   0.044312   0.062228  
SV-min    64    86   0.116128   0.125257  
SV-min    64    88   0.235359   -0.000000  
SV-min    64    90   0.284735   -0.000000  
SV-min    64    92   0.315972   -0.000000  
SV-min    64    94   0.325270   0.000000  
SV-min    64    96   0.331134   -0.000000  
SV-min    64    98   0.334292   0.000000  
SV-min    64   100   0.335124   0.000000  
SV-min    64   102   0.333751   0.000000  
SV-min    64   104   0.332657   0.000000  
SV-min    64   106   0.338268   0.000000  
SV-min    64   108   0.316486   -0.000000  
SV-min    64   110   0.284923   -0.000000  
SV-min    64   112   0.265619   0.000000  
SV-min    64   114   0.251127   -0.000000  
SV-min    64   116   0.237036   0.000000  
SV-min    64   118   -0.176144   0.000000  
SV-min    64   120   -0.137439   0.000000  
SV-min    64   122   -0.094273   0.000000  
SV-min    64   124   -0.000000   -0.000000  
SV-min    64   126   0.000123   0.000000  
SV-min    64   128   -0.000000   -0.000000  
SV-min    64   130   0.062317   0.077820  
SV-min    64   132   0.088841   0.106153  
SV-min    64   134   0.111017   0.125084  
SV-min    64   136   0.140088   0.139626  
SV-min    64   138   0.168162   0.143196  
SV-min    64   140   0.271000   0.000000  
SV-min    64   142   0.281272   0.000000  
SV-min    64   144   0.289198   0.000000  
SV-min    64   146   0.294562   -0.000000  
SV-min    64   148   0.299033   -0.000000  
SV-min    64   150   0.301197   -0.000000  
SV-min    66    74   0.350661   -0.000000  
SV-min    66    76   -0.195805   0.000000  
SV-min    66    78   -0.173996   0.000000  
SV-min    66    80   -0.000000   -0.000000  
SV-min    66    82   0.001132   0.000000  
SV-min    66    84   -0.068110   0.000000  
SV-min    66    86   0.089697   0.124175  
SV-min    66    88   0.232921   0.000000  
SV-min    66    90   0.273847   -0.000000  
SV-min    66    92   0.310879   0.000000  
SV-min    66    94   0.318900   -0.000000  
SV-min    66    96   0.324556   0.000000  
SV-min    66    98   0.328077   0.000000  
SV-min    66   100   0.329397   0.000000  
SV-min    66   102   0.327666   0.000000  
SV-min    66   104   0.323893   -0.000000  
SV-min    66   106   0.316376   0.000000  
SV-min    66   108   0.302461   0.000000  
SV-min    66   110   0.289217   0.000000  
SV-min    66   112   0.276900   -0.000000  
SV-min    66   114   0.267814   0.000000  
SV-min    66   116   -0.189752   0.000000  
SV-min    66   118   -0.181029   0.000000  
SV-min    66   120   -0.159748   0.000000  
SV-min    66   122   -0.110601   0.000000  
SV-min    66   124   -0.000000   -0.000000  
SV-min    66   126   0.000131   -0.000000  
SV-min    66   128   -0.000000   -0.000000  
SV-min    66   130   0.059489   0.087688  
SV-min    66   132   0.077260   0.112406  
SV-min    66   134   0.105463   0.129450  
SV-min    66   136   0.141403   0.140993  
SV-min    66   138   0.175180   0.139549  
SV-min    66   140   0.256137   -0.000000  
SV-min    66   142   0.282025   -0.000000  
SV-min    66   144   0.286813   -0.000000  
SV-min    66   146   0.292628   -0.000000  
SV-min    66   148   0.294870   -0.000000  
SV-min    66   150   0.295339   -0.000000  
SV-min    66   152   0.295063   -0.000000  
SV-min    66   154   0.294806   0.000000  
SV-min    68    76   -0.200913   0.000000  
SV-min    68    78   -0.176171   0.000000  
SV-min    68    80   0.034163   -0.000000  
SV-min    68    82   -0.000000   -0.000000  
SV-min    68    84   -0.069437   0.000000  
SV-min    68    86   0.158066   -0.000000  
SV-min    68    88   0.216975   -0.000000  
SV-min    68    90   0.258042   -0.000000  
SV-min    68    92   0.296188   0.000000  
SV-min    68    94   0.310584   -0.000000  
SV-min    68    96   0.317684   -0.000000  
SV-min    68    98   0.322114   0.000000  
SV-min    68   100   0.323887   -0.000000  
SV-min    68   102   0.322377   0.000000  
SV-min    68   104   0.317556   -0.000000  
SV-min    68   106   0.309199   -0.000000  
SV-min    68   108   0.298450   -0.000000  
SV-min    68   110   0.288040   -0.000000  
SV-min    68   112   0.278601   -0.000000  
SV-min    68   114   0.270626   0.000000  
SV-min    68   116   -0.190547   0.000000  
SV-min    68   118   -0.183864   0.000000  
SV-min    68   120   -0.167255   0.000000  
SV-min    68   122   -0.116268   0.000000  
SV-min    68   124   -0.000000   -0.000000  
SV-min    68   126   0.000141   -0.000000  
SV-min    68   128   -0.000000   -0.000000  
SV-min    68   130   0.057993   0.073040  
SV-min    68   132   0.074695   0.110587  
SV-min    68   134   0.119885   0.116463  
SV-min    68   136   0.164275   0.111558  
SV-min    68   138   0.216834   0.000000  
SV-min    68   140   0.243256   -0.000000  
SV-min    68   142   0.263146   -0.000000  
SV-min    68   144   0.276888   -0.000000  
SV-min    68   146   0.284693   -0.000000  
SV-min    68   148   0.287692   -0.000000  
SV-min    68   150   0.287721   -0.000000  
SV-min    68   152   0.286724   -0.000000  
SV-min    68   154   0.285754   0.000000  
SV-min    68   156   0.284886   -0.000000  
SV-min    68   158   0.284737   0.000000  
SV-min    70    80   -0.108381   0.000000  
SV-min    70    82   -0.000000   -0.000000  
SV-min    70    84   -0.068672   0.000000  
SV-min    70    86   0.148940   -0.000000  
SV-min    70    88   0.194806   -0.000000  
SV-min    70    90   0.230633   -0.000000  
SV-min    70    92   0.265915   -0.000000  
SV-min    70    94   0.291825   -0.000000  
SV-min    70    96   0.307471   -0.000000  
SV-min    70    98   0.324497   -0.000000  
SV-min    70   100   0.325471   -0.000000  
SV-min    70   102   0.321814   0.000000  
SV-min    70   104   0.313804   0.000000  
SV-min    70   106   0.302711   -0.000000  
SV-min    70   108   0.291163   -0.000000  
SV-min    70   110   0.280589   -0.000000  
SV-min    70   112   0.271546   0.000000  
SV-min    70   114   0.261677   0.000000  
SV-min    70   116   -0.189102   0.000000  
SV-min    70   118   -0.182318   0.000000  
SV-min    70   120   -0.166579   -0.000000  
SV-min    70   122   -0.116304   0.000000  
SV-min    70   124   -0.000000   -0.000000  
SV-min    70   126   0.000147   -0.000000  
SV-min    70   128   -0.000000   -0.000000  
SV-min    70   130   0.059463   0.000000  
SV-min    70   132   0.091222   0.076323  
SV-min    70   134   0.145418   0.070076  
SV-min    70   136   0.166787   0.087473  
SV-min    70   138   0.204870   0.013898  
SV-min    70   140   0.227538   -0.000000  
SV-min    70   142   0.246531   -0.000000  
SV-min    70   144   0.261794   -0.000000  
SV-min    70   146   0.272131   -0.000000  
SV-min    70   148   0.277726   -0.000000  
SV-min    70   150   0.278222   -0.000000  
SV-min    70   152   0.277209   -0.000000  
SV-min    70   154   0.275604   -0.000000  
SV-min    70   156   0.273559   -0.000000  
SV-min    70   158   0.270955   -0.000000  
SV-min    70   160   0.267379   -0.000000  
SV-min    70   162   0.263166   0.000000  
SV-min    72    82   -0.000000   0.000000  
SV-min    72    84   -0.065607   -0.000001  
SV-min    72    86   0.140811   0.000000  
SV-min    72    88   0.179458   0.000000  
SV-min    72    90   0.207818   0.000000  
SV-min    72    92   0.233490   0.000001  
SV-min    72    94   0.257347   0.000001  
SV-min    72    96   0.275670   0.000000  
SV-min    72    98   0.337405   0.000000  
SV-min    72   100   0.341886   0.000000  
SV-min    72   102   0.336848   0.000000  
SV-min    72   104   0.321314   0.000000  
SV-min    72   106   0.284781   0.000000  
SV-min    72   108   0.272607   0.000000  
SV-min    72   110   0.264241   -0.000000  
SV-min    72   112   0.249938   -0.000000  
SV-min    72   114   0.229035   -0.000000  
SV-min    72   116   -0.181595   -0.000000  
SV-min    72   118   -0.171947   -0.000000  
SV-min    72   120   -0.147034   -0.000000  
SV-min    72   122   -0.110493   -0.000000  
SV-min    72   124   -0.000000   0.000000  
SV-min    72   126   0.000147   0.000000  
SV-min    72   128   -0.000000   0.000000  
SV-min    72   130   0.058892   -0.000001  
SV-min    72   132   0.113029   0.000000  
SV-min    72   134   0.144469   0.000000  
SV-min    72   136   0.170984   0.000000  
SV-min    72   138   0.194506   0.000004  
SV-min    72   140   0.215749   0.000000  
SV-min    72   142   0.234858   0.000000  
SV-min    72   144   0.252238   0.000000  
SV-min    72   146   0.265220   0.000002  
SV-min    72   148   0.271768   0.000000  
SV-min    72   150   0.268861   0.000001  
SV-min    72   152   0.267232   0.000000  
SV-min    72   154   0.264657   0.000000  
SV-min    72   156   0.261040   0.000000  
SV-min    72   158   0.255775   0.000000  
SV-min    72   160   0.248072   0.000000  
SV-min    72   162   0.238162   0.000000  
SV-min    72   164   0.226876   0.000000  
SV-min    72   166   0.214689   0.000000  
SV-min    72   168   0.201115   0.000000  
SV-min    72   170   0.185219   0.000000  
SV-min    74    84   -0.060069   -0.000001  
SV-min    74    86   0.131709   0.000000  
SV-min    74    88   0.167901   0.000000  
SV-min    74    90   0.189230   0.000000  
SV-min    74    92   0.204369   0.000000  
SV-min    74    94   0.225202   0.000001  
SV-min    74    96   0.245282   0.000000  
SV-min    74    98   0.314028   0.000000  
SV-min    74   100   0.322477   0.000001  
SV-min    74   102   0.322167   0.000000  
SV-min    74   104   0.278762   0.000000  
SV-min    74   106   0.258159   0.000000  
SV-min    74   108   0.247119   0.000000  
SV-min    74   110   0.239333   -0.000000  
SV-min    74   112   0.225717   -0.000000  
SV-min    74   114   0.207329   -0.000000  
SV-min    74   116   0.179364   -0.000000  
SV-min    74   118   -0.157654   -0.000000  
SV-min    74   120   -0.133051   -0.000000  
SV-min    74   122   -0.101583   -0.000000  
SV-min    74   124   -0.000000   0.000000  
SV-min    74   126   0.000139   0.000000  
SV-min    74   128   -0.000000   0.000000  
SV-min    74   130   0.055251   -0.000001  
SV-min    74   132   0.100090   -0.000001  
SV-min    74   134   0.136717   0.000000  
SV-min    74   136   0.160178   0.000000  
SV-min    74   138   0.180158   0.000000  
SV-min    74   140   0.198356   0.000001  
SV-min    74   142   0.230382   0.000000  
SV-min    74   144   0.255339   0.000000  
SV-min    74   146   0.267028   0.000002  
SV-min    74   148   0.272277   0.000002  
SV-min    74   150   0.271937   0.000001  
SV-min    74   152   0.266961   0.000000  
SV-min    74   154   0.257975   0.000000  
SV-min    74   156   0.251657   0.000000  
SV-min    74   158   0.243225   0.000000  
SV-min    74   160   0.232537   0.000000  
SV-min    74   162   0.221309   0.000000  
SV-min    74   164   0.209936   0.000000  
SV-min    74   166   0.198263   0.000000  
SV-min    74   168   0.185521   0.000000  
SV-min    74   170   0.171203   0.000000  
SV-min    74   172   0.154865   0.000000  
SV-min    74   174   -0.127494   -0.000000  
SV-min    74   176   -0.112847   -0.000000  
SV-min    74   178   -0.093311   -0.000000  
SV-min    74   180   -0.065259   -0.000000  
SV-min    74   182   0.000604   0.000000  
SV-min    74   184   0.000112   0.000000  
SV-min    76    88   0.145819   0.000000  
SV-min    76    90   0.164951   0.000001  
SV-min    76    92   0.177392   0.000000  
SV-min    76    94   0.195350   0.000000  
SV-min    76    96   0.279759   0.000002  
SV-min    76    98   0.293391   0.000001  
SV-min    76   100   0.300874   0.000001  
SV-min    76   102   0.300181   0.000001  
SV-min    76   104   0.271503   0.000000  
SV-min    76   106   0.240646   0.000000  
SV-min    76   108   0.227489   0.000000  
SV-min    76   110   0.216610   -0.000000  
SV-min    76   112   0.202783   -0.000000  
SV-min    76   114   0.185266   -0.000000  
SV-min    76   116   -0.152298   -0.000000  
SV-min    76   118   -0.141428   -0.000000  
SV-min    76   120   -0.119390   -0.000000  
SV-min    76   122   -0.096091   -0.000000  
SV-min    76   124   -0.000000   0.000000  
SV-min    76   126   0.000123   0.000000  
SV-min    76   128   -0.000000   0.000000  
SV-min    76   130   0.019109   -0.000001  
SV-min    76   132   0.065846   -0.000000  
SV-min    76   134   0.109225   -0.000001  
SV-min    76   136   0.140354   0.031880  
SV-min    76   138   0.162444   0.000000  
SV-min    76   140   0.187811   0.000000  
SV-min    76   142   0.239108   0.000000  
SV-min    76   144   0.253827   0.000000  
SV-min    76   146   0.263967   0.000001  
SV-min    76   148   0.268842   0.000000  
SV-min    76   150   0.269332   0.000000  
SV-min    76   152   0.266404   0.000001  
SV-min    76   154   0.260806   0.000000  
SV-min    76   156   0.253040   0.000000  
SV-min    76   158   0.240663   0.000000  
SV-min    76   160   0.225996   0.000000  
SV-min    76   162   0.210942   0.000000  
SV-min    76   164   0.197074   0.000000  
SV-min    76   166   0.184240   0.000000  
SV-min    76   168   0.171230   0.000000  
SV-min    76   170   0.157372   0.000000  
SV-min    76   172   0.141416   0.000000  
SV-min    76   174   -0.121015   -0.000000  
SV-min    76   176   -0.107675   -0.000000  
SV-min    76   178   -0.089428   -0.000000  
SV-min    76   180   -0.064798   -0.000000  
SV-min    76   182   0.000343   0.000000  
SV-min    76   184   0.000098   0.000000  
SV-min    78    92   0.147407   0.000000  
SV-min    78    94   0.159449   0.000000  
SV-min    78    96   0.169720   0.000000  
SV-min    78    98   0.283569   0.000000  
SV-min    78   100   0.292202   0.000000  
SV-min    78   102   0.293194   0.000000  
SV-min    78   104   0.281933   0.000000  
SV-min    78   106   0.262674   0.000000  
SV-min    78   108   -0.181893   -0.000000  
SV-min    78   110   -0.167727   -0.000000  
SV-min    78   112   -0.156456   -0.000000  
SV-min    78   114   -0.148390   -0.000000  
SV-min    78   116   -0.139927   -0.000000  
SV-min    78   118   -0.127806   -0.000000  
SV-min    78   120   -0.107959   -0.000000  
SV-min    78   122   -0.089257   -0.000000  
SV-min    78   124   0.004304   0.000000  
SV-min    78   126   0.000102   0.000000  
SV-min    78   128   -0.000000   0.000000  
SV-min    78   130   0.000001   0.000000  
SV-min    78   132   0.020089   -0.000001  
SV-min    78   134   0.066276   0.033582  
SV-min    78   136   0.107790   0.048826  
SV-min    78   138   0.138019   0.062080  
SV-min    78   140   0.151589   0.000004  
SV-min    78   142   0.231878   0.000000  
SV-min    78   144   0.246489   0.000000  
SV-min    78   146   0.257516   0.000001  
SV-min    78   148   0.263309   0.000001  
SV-min    78   150   0.264823   0.000001  
SV-min    78   152   0.263285   0.000001  
SV-min    78   154   0.259938   0.000000  
SV-min    78   156   0.254976   0.000000  
SV-min    78   158   0.246651   0.000000  
SV-min    78   160   0.231730   0.000000  
SV-min    78   162   0.213705   0.000000  
SV-min    78   164   0.189609   0.000000  
SV-min    78   166   0.170028   0.000000  
SV-min    78   168   -0.147796   -0.000000  
SV-min    78   170   -0.136655   -0.000000  
SV-min    78   172   -0.125771   -0.000000  
SV-min    78   174   -0.115097   -0.000000  
SV-min    78   176   -0.102569   -0.000000  
SV-min    78   178   -0.085591   -0.000000  
SV-min    78   180   -0.061106   -0.000000  
SV-min    78   182   0.000137   0.000000  
SV-min    78   184   0.000088   0.000000  
SV-min    80    96   -0.126191   -0.000000  
SV-min    80    98   -0.140213   -0.000000  
SV-min    80   100   -0.157269   -0.000000  
SV-min    80   102   -0.169851   -0.000000  
SV-min    80   104   -0.172360   -0.000000  
SV-min    80   106   -0.169833   -0.000000  
SV-min    80   108   -0.160542   -0.000000  
SV-min    80   110   -0.154331   -0.000000  
SV-min    80   112   -0.146408   -0.000000  
SV-min    80   114   -0.137290   -0.000000  
SV-min    80   116   -0.126722   -0.000000  
SV-min    80   118   -0.111921   -0.000000  
SV-min    80   120   -0.090286   -0.000000  
SV-min    80   122   -0.068451   -0.000000  
SV-min    80   124   0.000000   0.000000  
SV-min    80   126   -0.000076   -0.000000  
SV-min    80   128   -0.000000   0.000000  
SV-min    80   130   0.000000   0.000000  
SV-min    80   132   0.000001   0.000000  
SV-min    80   134   0.000311   0.016209  
SV-min    80   136   0.019238   0.080003  
SV-min    80   138   -0.000372   0.095883  
SV-min    80   140   0.125716   0.087152  
SV-min    80   142   0.218069   0.000000  
SV-min    80   144   0.235915   0.000000  
SV-min    80   146   0.251569   0.000001  
SV-min    80   148   0.259819   0.000001  
SV-min    80   150   0.262630   0.000002  
SV-min    80   152   0.262233   0.000001  
SV-min    80   154   0.260201   0.000000  
SV-min    80   156   0.256513   0.000000  
SV-min    80   158   0.250046   0.000000  
SV-min    80   160   0.238172   0.000000  
SV-min    80   162   -0.166638   -0.000000  
SV-min    80   164   -0.161818   -0.000000  
SV-min    80   166   -0.155248   -0.000000  
SV-min    80   168   -0.146161   -0.000000  
SV-min    80   170   -0.134394   -0.000000  
SV-min    80   172   -0.121905   -0.000000  
SV-min    80   174   -0.108688   -0.000000  
SV-min    80   176   -0.092553   -0.000000  
SV-min    80   178   -0.072917   -0.000000  
SV-min    80   180   0.000000   0.000000  
SV-min    80   182   0.000093   0.000000  
SV-min    80   184   -0.000123   -0.000000  
SV-min    82   102   -0.000000   0.000000  
SV-min    82   104   -0.000000   0.000000  
SV-min    82   106   -0.000000   0.000000  
SV-min    82   108   -0.000000   0.000000  
SV-min    82   110   -0.000000   0.000000  
SV-min    82   112   -0.000000   0.000000  
SV-min    82   114   -0.000000   0.000000  
SV-min    82   116   -0.000335   -0.000000  
SV-min    82   118   -0.000235   -0.000000  
SV-min    82   120   0.000157   0.000038  
SV-min    82   122   0.000113   0.000000  
SV-min    82   124   -0.000079   -0.000000  
SV-min    82   126   -0.000063   -0.000000  
SV-min    82   128   -0.000068   -0.000000  
SV-min    82   130   -0.000089   -0.000000  
SV-min    82   132   -0.000114   -0.000000  
SV-min    82   134   -0.000144   -0.000000  
SV-min    82   136   -0.000184   -0.000000  
SV-min    82   138   0.000000   0.000000  
SV-min    82   140   0.000000   0.000000  
SV-min    82   142   0.000000   0.000000  
SV-min    82   144   0.000000   0.000000  
SV-min    82   146   0.000000   0.000000  
SV-min    82   148   0.224837   0.000000  
SV-min    82   150   0.232572   0.000000  
SV-min    82   152   0.235425   -0.000000  
SV-min    82   154   0.233737   -0.000000  
SV-min    82   156   0.227683   -0.000000  
SV-min    82   158   -0.167310   -0.000000  
SV-min    82   160   -0.164140   -0.000000  
SV-min    82   162   -0.158868   -0.000000  
SV-min    82   164   -0.150882   -0.000000  
SV-min    82   166   -0.138584   -0.000000  
SV-min    82   168   -0.000000   0.000000  
SV-min    82   170   -0.000000   0.000000  
SV-min    82   172   -0.000000   0.000000  
SV-min    82   174   0.000317   0.000000  
SV-min    82   176   -0.000198   -0.000000  
SV-min    82   178   0.000136   0.000000  
SV-min    82   180   -0.000096   -0.000000  
SV-min    82   182   -0.000070   -0.000000  
SV-min    82   184   0.000000   0.000153  
SV-min    84   104   0.264464   -0.000001  
SV-min    84   106   -0.091276   -0.000000  
SV-min    84   108   -0.086332   -0.000000  
SV-min    84   110   -0.082070   -0.000000  
SV-min    84   112   -0.081607   0.000000  
SV-min    84   114   -0.059624   -0.000000  
SV-min    84   116   -0.042669   -0.000000  
SV-min    84   118   -0.026953   -0.000000  
SV-min    84   120   -0.000000   0.000000  
SV-min    84   122   -0.000000   0.000000  
SV-min    84   124   0.000101   0.000000  
SV-min    84   126   0.000001   0.000157  
SV-min    84   128   0.000085   0.000000  
SV-min    84   130   -0.000000   0.000000  
SV-min    84   132   0.000000   0.000000  
SV-min    84   134   0.000000   0.000000  
SV-min    84   136   0.000000   0.000000  
SV-min    84   138   0.088712   0.074413  
SV-min    84   140   0.109317   -0.000000  
SV-min    84   142   0.151407   -0.000000  
SV-min    84   144   0.185445   -0.000000  
SV-min    84   146   0.207125   -0.000000  
SV-min    84   148   0.221939   0.004613  
SV-min    84   150   0.228950   0.000000  
SV-min    84   152   0.230842   -0.000000  
SV-min    84   154   0.228459   -0.000000  
SV-min    84   156   0.221663   -0.000000  
SV-min    84   158   0.209212   0.000000  
SV-min    84   160   0.188878   -0.000000  
SV-min    84   162   -0.164531   -0.000000  
SV-min    84   164   -0.154289   -0.000000  
SV-min    84   166   -0.138824   -0.000000  
SV-min    84   168   -0.091401   -0.000000  
SV-min    84   170   -0.071951   -0.000000  
SV-min    84   172   -0.050549   -0.000000  
SV-min    84   174   -0.030022   0.000000  
SV-min    84   176   -0.002635   -0.000000  
SV-min    84   178   -0.000000   0.000000  
SV-min    84   180   0.000123   0.000000  
SV-min    84   182   -0.000085   -0.000000  
SV-min    84   184   0.000001   0.000157  
SV-min    86   110   0.146823   -0.000000  
SV-min    86   112   0.122767   0.000000  
SV-min    86   114   -0.104901   -0.000000  
SV-min    86   116   -0.085856   -0.000000  
SV-min    86   118   -0.063816   -0.000000  
SV-min    86   120   -0.036530   -0.000000  
SV-min    86   122   -0.000000   0.000000  
SV-min    86   124   0.000143   0.000000  
SV-min    86   126   -0.000102   -0.000000  
SV-min    86   128   0.000112   -0.000000  
SV-min    86   130   0.000000   0.000000  
SV-min    86   132   0.000000   0.000000  
SV-min    86   134   0.110655   0.112339  
SV-min    86   136   0.135906   0.132135  
SV-min    86   138   0.155760   0.142718  
SV-min    86   140   0.173189   0.139005  
SV-min    86   142   0.190212   0.107579  
SV-min    86   144   0.207355   0.078060  
SV-min    86   146   0.215928   -0.000000  
SV-min    86   148   0.225598   -0.000000  
SV-min    86   150   0.230711   -0.000002  
SV-min    86   152   0.230849   -0.000001  
SV-min    86   154   0.227003   -0.000000  
SV-min    86   156   0.219269   -0.000000  
SV-min    86   158   0.206964   -0.000000  
SV-min    86   160   0.189685   -0.000000  
SV-min    86   162   0.168946   -0.000000  
SV-min    86   164   0.147157   0.000192  
SV-min    86   166   0.126003   0.000322  
SV-min    86   168   0.105642   0.000522  
SV-min    86   170   -0.093381   -0.000000  
SV-min    86   172   -0.076221   -0.000000  
SV-min    86   174   -0.056567   -0.000000  
SV-min    86   176   -0.033150   -0.000000  
SV-min    86   178   -0.000000   0.000000  
SV-min    86   180   0.000162   0.000034  
SV-min    86   182   -0.000106   -0.000000  
SV-min    86   184   0.000005   0.000156  
SV-min    86   186   0.000003   0.000178  
SV-min    88   112   0.161479   0.000000  
SV-min    88   114   0.136809   0.000000  
SV-min    88   116   -0.112848   -0.000000  
SV-min    88   118   -0.090177   -0.000000  
SV-min    88   120   -0.060969   -0.000000  
SV-min    88   122   -0.023721   -0.000000  
SV-min    88   124   0.000181   0.000060  
SV-min    88   126   0.000123   -0.000000  
SV-min    88   128   0.000141   -0.000000  
SV-min    88   130   0.000000   0.000000  
SV-min    88   132   0.117451   0.127008  
SV-min    88   134   0.147194   0.152531  
SV-min    88   136   0.168506   0.168023  
SV-min    88   138   0.185714   0.175311  
SV-min    88   140   0.201178   0.173407  
SV-min    88   142   0.215745   0.159599  
SV-min    88   144   0.227853   0.130052  
SV-min    88   146   0.235752   0.088661  
SV-min    88   148   0.240535   0.062816  
SV-min    88   150   0.239848   0.011077  
SV-min    88   152   0.238140   -0.000002  
SV-min    88   154   0.233185   -0.000000  
SV-min    88   156   0.225031   -0.000000  
SV-min    88   158   0.213603   0.000000  
SV-min    88   160   0.199208   -0.000000  
SV-min    88   162   0.182775   0.000000  
SV-min    88   164   0.165145   0.000000  
SV-min    88   166   0.146672   0.000000  
SV-min    88   168   0.127198   0.000418  
SV-min    88   170   0.106385   0.000000  
SV-min    88   172   -0.089452   -0.000000  
SV-min    88   174   -0.069555   -0.000000  
SV-min    88   176   -0.044455   -0.000000  
SV-min    88   178   -0.000000   0.000000  
SV-min    88   180   0.000191   0.000009  
SV-min    88   182   -0.000115   -0.000000  
SV-min    88   184   0.000006   0.000162  
SV-min    88   186   0.000003   0.000186  
SV-min    88   188   0.000115   -0.000000  
SV-min    90   118   -0.110129   -0.000000  
SV-min    90   120   -0.080324   -0.000000  
SV-min    90   122   -0.038742   -0.000000  
SV-min    90   124   -0.000238   -0.000000  
SV-min    90   126   0.000141   -0.000000  
SV-min    90   128   0.000162   -0.000000  
SV-min    90   130   0.094708   0.115455  
SV-min    90   132   0.140492   0.152546  
SV-min    90   134   0.168308   0.173933  
SV-min    90   136   0.188857   0.186965  
SV-min    90   138   0.205785   0.192726  
SV-min    90   140   0.221050   0.191021  
SV-min    90   142   0.234952   0.180805  
SV-min    90   144   0.246277   0.160857  
SV-min    90   146   0.253247   0.131129  
SV-min    90   148   0.255118   0.092805  
SV-min    90   150   0.254300   0.064588  
SV-min    90   152   0.249120   -0.000001  
SV-min    90   154   0.243795   -0.000001  
SV-min    90   156   0.235760   0.000001  
SV-min    90   158   0.225323   0.000000  
SV-min    90   160   0.212124   -0.000000  
SV-min    90   162   0.197050   -0.000000  
SV-min    90   164   0.180573   -0.000000  
SV-min    90   166   0.162693   -0.000000  
SV-min    90   168   0.143144   -0.000000  
SV-min    90   170   0.121812   0.000000  
SV-min    90   172   0.098230   0.000000  
SV-min    90   174   -0.078931   -0.000000  
SV-min    90   176   -0.051476   -0.000000  
SV-min    90   178   -0.000000   0.000000  
SV-min    90   180   0.000193   0.000037  
SV-min    90   182   -0.000119   -0.000000  
SV-min    90   184   0.000002   0.000182  
SV-min    90   186   0.000001   0.000219  
SV-min    90   188   0.000120   -0.000000  
SV-min    90   190   -0.000000   -0.000000  
SV-min    90   192   0.089948   0.099873  
SV-min    90   194   0.129387   0.134594  
SV-min    90   196   0.150595   0.150386  
SV-min    90   198   0.166413   0.159114  
SV-min    90   200   0.179887   0.162427  
SV-min    90   202   0.192229   0.160328  
SV-min    90   204   0.203417   0.152033  
SV-min    90   206   0.212542   0.137999  
SV-min    90   208   0.218902   0.120146  
SV-min    90   210   0.222724   0.100774  
SV-min    92   122   -0.053204   0.000000  
SV-min    92   124   0.000283   -0.000000  
SV-min    92   126   0.000157   0.000000  
SV-min    92   128   0.000185   -0.000000  
SV-min    92   130   0.111245   0.137360  
SV-min    92   132   0.155084   0.169893  
SV-min    92   134   0.183745   0.188816  
SV-min    92   136   0.205050   0.199243  
SV-min    92   138   0.223078   0.203000  
SV-min    92   140   0.239259   0.200329  
SV-min    92   142   0.253176   0.191015  
SV-min    92   144   0.263705   0.175310  
SV-min    92   146   0.269584   0.152477  
SV-min    92   148   0.270203   0.120686  
SV-min    92   150   0.267493   0.086974  
SV-min    92   152   0.260770   0.012781  
SV-min    92   154   0.255741   -0.000000  
SV-min    92   156   0.248483   -0.000000  
SV-min    92   158   0.238935   0.000000  
SV-min    92   160   0.226318   0.000000  
SV-min    92   162   0.212046   0.000000  
SV-min    92   164   0.195613   0.000000  
SV-min    92   166   0.177326   0.000000  
SV-min    92   168   0.157137   0.000000  
SV-min    92   170   0.135113   0.000000  
SV-min    92   172   0.110676   -0.000000  
SV-min    92   174   -0.089544   -0.000000  
SV-min    92   176   -0.060647   0.000000  
SV-min    92   178   0.000506   0.000001  
SV-min    92   180   0.000209   0.000000  
SV-min    92   182   0.000122   -0.000000  
SV-min    92   184   0.000093   0.000000  
SV-min    92   186   0.000095   -0.000000  
SV-min    92   188   0.000123   0.000000  
SV-min    92   190   -0.000000   0.000000  
SV-min    92   192   0.104713   0.127635  
SV-min    92   194   0.137605   0.151621  
SV-min    92   196   0.159362   0.165220  
SV-min    92   198   0.176240   0.172694  
SV-min    92   200   0.190964   0.175130  
SV-min    92   202   0.204635   0.172943  
SV-min    92   204   0.216852   0.166336  
SV-min    92   206   0.226426   0.155678  
SV-min    92   208   0.232812   0.141484  
SV-min    92   210   0.236377   0.124438  
SV-min    92   212   0.237900   0.106114  
SV-min    92   214   0.238137   0.089107  
SV-min    94   126   -0.000169   0.000000  
SV-min    94   128   -0.000204   -0.000000  
SV-min    94   130   0.116612   0.151076  
SV-min    94   132   0.164013   0.183032  
SV-min    94   134   0.195834   0.199051  
SV-min    94   136   0.219137   0.206191  
SV-min    94   138   0.238586   0.207205  
SV-min    94   140   0.255043   0.202558  
SV-min    94   142   0.268000   0.192448  
SV-min    94   144   0.276888   0.177017  
SV-min    94   146   0.280986   0.154637  
SV-min    94   148   0.279870   0.120690  
SV-min    94   150   0.275567   0.076490  
SV-min    94   152   0.270029   0.000000  
SV-min    94   154   0.266505   0.000000  
SV-min    94   156   0.260773   0.000000  
SV-min    94   158   0.252322   -0.000000  
SV-min    94   160   0.241335   -0.000000  
SV-min    94   162   0.227391   0.000000  
SV-min    94   164   0.210626   0.000000  
SV-min    94   166   0.191711   -0.000000  
SV-min    94   168   0.170645   0.000000  
SV-min    94   170   0.147954   0.003228  
SV-min    94   172   -0.122661   -0.000000  
SV-min    94   174   -0.101439   -0.000000  
SV-min    94   176   -0.073784   -0.000000  
SV-min    94   178   -0.000000   -0.000000  
SV-min    94   180   0.000238   0.000000  
SV-min    94   182   0.000132   -0.000000  
SV-min    94   184   0.000099   0.000000  
SV-min    94   186   0.000098   0.000000  
SV-min    94   188   -0.000130   -0.000000  
SV-min    94   190   0.062821   0.109456  
SV-min    94   192   0.106059   0.141595  
SV-min    94   194   0.139153   0.163527  
SV-min    94   196   0.163153   0.176451  
SV-min    94   198   0.182035   0.182656  
SV-min    94   200   0.198912   0.183204  
SV-min    94   202   0.214612   0.178580  
SV-min    94   204   0.227743   0.169791  
SV-min    94   206   0.237085   0.158108  
SV-min    94   208   0.242936   0.144011  
SV-min    94   210   0.245853   0.125589  
SV-min    94   212   0.247259   0.108021  
SV-min    94   214   0.247573   0.091512  
SV-min    94   216   0.247006   0.076905  
SV-min    94   218   0.245456   0.064140  
SV-min    96   130   0.115192   0.160834  
SV-min    96   132   0.166345   0.192454  
SV-min    96   134   0.204353   0.205261  
SV-min    96   136   0.231220   0.208481  
SV-min    96   138   0.251812   0.205700  
SV-min    96   140   0.267191   0.197261  
SV-min    96   142   0.277892   0.183006  
SV-min    96   144   0.284098   0.162726  
SV-min    96   146   0.285770   0.134494  
SV-min    96   148   0.278570   -0.000001  
SV-min    96   150   0.278454   -0.000000  
SV-min    96   152   0.277129   -0.000000  
SV-min    96   154   0.274337   0.000000  
SV-min    96   156   0.270056   -0.000000  
SV-min    96   158   0.263653   0.000000  
SV-min    96   160   0.255037   0.000000  
SV-min    96   162   0.243011   0.000000  
SV-min    96   164   0.226559   -0.000000  
SV-min    96   166   0.206310   -0.000000  
SV-min    96   168   0.184125   -0.000000  
SV-min    96   170   0.161083   -0.000000  
SV-min    96   172   -0.133099   0.000000  
SV-min    96   174   -0.113104   -0.000000  
SV-min    96   176   -0.087658   -0.000000  
SV-min    96   178   -0.051845   -0.000000  
SV-min    96   180   0.000298   0.000000  
SV-min    96   182   0.000151   0.000000  
SV-min    96   184   -0.000107   -0.000000  
SV-min    96   186   0.005701   0.042036  
SV-min    96   188   0.032369   0.092368  
SV-min    96   190   0.066706   0.125193  
SV-min    96   192   0.103723   0.152239  
SV-min    96   194   0.137536   0.173509  
SV-min    96   196   0.163138   0.185708  
SV-min    96   198   0.183608   0.190502  
SV-min    96   200   0.202704   0.188539  
SV-min    96   202   0.221081   0.179116  
SV-min    96   204   0.235124   0.164096  
SV-min    96   206   0.243508   0.145905  
SV-min    96   208   0.248009   0.125932  
SV-min    96   210   0.250103   0.103765  
SV-min    96   212   0.251559   0.088548  
SV-min    96   214   0.251411   0.066943  
SV-min    96   216   0.250718   0.048592  
SV-min    96   218   0.250238   0.042778  
SV-min    96   220   0.247022   -0.000000  
SV-min    98   130   0.112005   0.169839  
SV-min    98   132   0.159643   0.197469  
SV-min    98   134   0.201247   0.206930  
SV-min    98   136   0.240249   0.207149  
SV-min    98   138   0.263026   0.199464  
SV-min    98   140   0.277337   0.182117  
SV-min    98   142   0.284932   0.161837  
SV-min    98   144   0.287255   0.128629  
SV-min    98   146   0.286027   0.084378  
SV-min    98   148   0.283185   -0.000001  
SV-min    98   150   0.282990   0.000001  
SV-min    98   152   0.281426   -0.000000  
SV-min    98   154   0.278934   -0.000000  
SV-min    98   156   0.275246   0.000000  
SV-min    98   158   0.270177   0.000000  
SV-min    98   160   0.263503   0.000000  
SV-min    98   162   0.254428   -0.000000  
SV-min    98   164   0.240881   0.000000  
SV-min    98   166   0.221357   -0.000000  
SV-min    98   168   0.198574   -0.000000  
SV-min    98   170   0.174470   -0.000000  
SV-min    98   172   -0.142381   -0.000000  
SV-min    98   174   -0.123621   -0.000000  
SV-min    98   176   -0.100175   -0.000000  
SV-min    98   178   -0.067647   0.000000  
SV-min    98   180   -0.000000   -0.000000  
SV-min    98   182   -0.000174   -0.000000  
SV-min    98   184   0.007027   0.050957  
SV-min    98   186   0.017522   0.080562  
SV-min    98   188   0.038209   0.110113  
SV-min    98   190   0.067478   0.137002  
SV-min    98   192   0.101619   0.162033  
SV-min    98   194   0.134962   0.182098  
SV-min    98   196   0.161108   0.193059  
SV-min    98   198   0.182185   0.196609  
SV-min    98   200   0.202577   0.192811  
SV-min    98   202   0.222569   0.182422  
SV-min    98   204   0.240546   0.151197  
SV-min    98   206   0.244579   0.009013  
SV-min    98   208   0.246930   0.008368  
SV-min    98   210   0.248886   -0.000000  
SV-min    98   212   0.250406   0.000000  
SV-min    98   214   0.251345   -0.000000  
SV-min    98   216   0.251681   0.005816  
SV-min    98   218   0.250984   0.000000  
SV-min    98   220   0.249504   -0.000000  
SV-min    98   222   0.247090   -0.000000  
SV-min    98   224   0.243679   0.000000  
SV-min    98   226   0.238971   -0.000000  
SV-min    98   228   0.232488   -0.000000  
SV-min   100   136   0.242070   0.208788  
SV-min   100   138   0.277548   0.184801  
SV-min   100   140   0.288247   0.164283  
SV-min   100   142   0.292505   0.145538  
SV-min   100   144   0.294066   0.127656  
SV-min   100   146   0.293385   0.107139  
SV-min   100   148   0.285787   0.012847  
SV-min   100   150   0.284860   -0.000000  
SV-min   100   152   0.283220   0.000000  
SV-min   100   154   0.280598   0.000000  
SV-min   100   156   0.276822   0.000000  
SV-min   100   158   0.271805   0.000000  
SV-min   100   160   0.265625   -0.000000  
SV-min   100   162   0.258181   0.000000  
SV-min   100   164   0.248423   -0.000000  
SV-min   100   166   0.233695   -0.000000  
SV-min   100   168   0.213015   -0.000000  
SV-min   100   170   0.188721   -0.000000  
SV-min   100   172   -0.150304   0.000000  
SV-min   100   174   -0.132590   -0.000000  
SV-min   100   176   -0.110650   -0.000000  
SV-min   100   178   -0.080545   -0.000000  
SV-min   100   180   0.015063   0.042056  
SV-min   100   182   0.007858   0.051275  
SV-min   100   184   0.010166   0.069886  
SV-min   100   186   0.021482   0.097941  
SV-min   100   188   0.038860   0.120965  
SV-min   100   190   0.068441   0.147608  
SV-min   100   192   0.100192   0.171080  
SV-min   100   194   0.131866   0.188777  
SV-min   100   196   0.158565   0.198113  
SV-min   100   198   0.179919   0.199960  
SV-min   100   200   0.199614   0.196375  
SV-min   100   202   0.226000   0.173633  
SV-min   100   204   0.246679   0.050867  
SV-min   100   206   0.247964   0.007527  
SV-min   100   208   0.249321   -0.000000  
SV-min   100   210   0.250630   -0.000000  
SV-min   100   212   0.251624   -0.000000  
SV-min   100   214   0.252205   0.003045  
SV-min   100   216   0.251968   -0.000000  
SV-min   100   218   0.251145   0.002139  
SV-min   100   220   0.249382   -0.000000  
SV-min   100   222   0.246967   0.000000  
SV-min   100   224   0.243864   0.000000  
SV-min   100   226   0.240076   -0.000000  
SV-min   100   228   0.235374   0.000000  
SV-min   100   230   0.229537   0.000000  
SV-min   102   140   0.298243   0.150217  
SV-min   102   142   0.298250   0.134528  
SV-min   102   144   0.296790   0.116567  
SV-min   102   146   0.294004   0.095475  
SV-min   102   148   0.288117   0.051703  
SV-min   102   150   0.284329   0.000001  
SV-min   102   152   0.282365   0.000000  
SV-min   102   154   0.279454   0.000000  
SV-min   102   156   0.275368   0.000000  
SV-min   102   158   0.270101   0.000000  
SV-min   102   160   0.263924   0.000000  
SV-min   102   162   0.257131   0.000000  
SV-min   102   164   0.249436   0.000000  
SV-min   102   166   0.239417   -0.000000  
SV-min   102   168   0.224270   -0.000000  
SV-min   102   170   0.202619   -0.000000  
SV-min   102   172   -0.156515   -0.000000  
SV-min   102   174   -0.139622   -0.000000  
SV-min   102   176   -0.118650   -0.000000  
SV-min   102   178   -0.090395   -0.000000  
SV-min   102   180   -0.046909   -0.000000  
SV-min   102   182   0.006324   0.055385  
SV-min   102   184   0.008772   0.076578  
SV-min   102   186   0.016491   0.099626  
SV-min   102   188   0.034635   0.125439  
SV-min   102   190   0.066137   0.154533  
SV-min   102   192   0.096511   0.177591  
SV-min   102   194   0.126723   0.192966  
SV-min   102   196   0.156671   0.200618  
SV-min   102   198   0.179499   0.201131  
SV-min   102   200   0.204647   0.189872  
SV-min   102   202   0.250725   0.049371  
SV-min   102   204   0.250958   0.043280  
SV-min   102   206   0.250989   0.006465  
SV-min   102   208   0.251322   0.000001  
SV-min   102   210   0.251836   0.000002  
SV-min   102   212   0.252209   0.000002  
SV-min   102   214   0.252274   0.001714  
SV-min   102   216   0.251649   0.000005  
SV-min   102   218   0.250450   0.000001  
SV-min   102   220   0.248604   0.000002  
SV-min   102   222   0.246166   0.000001  
SV-min   102   224   0.243217   0.000000  
SV-min   102   226   0.239818   0.000000  
SV-min   102   228   0.235987   0.000000  
SV-min   102   230   0.231672   0.000000  
SV-min   102   232   0.226624   0.000000  
SV-min   102   234   0.220466   -0.000000  
SV-min   104   144   0.291691   0.077257  
SV-min   104   146   0.285069   0.000007  
SV-min   104   148   0.283590   0.000003  
SV-min   104   150   0.281837   0.000004  
SV-min   104   152   0.279531   0.000000  
SV-min   104   154   0.276430   0.002115  
SV-min   104   156   0.272141   0.001233  
SV-min   104   158   0.266800   0.000531  
SV-min   104   160   0.260672   0.000000  
SV-min   104   162   0.254230   0.000000  
SV-min   104   164   0.247351   0.000000  
SV-min   104   166   0.239488   0.000000  
SV-min   104   168   0.228901   0.000000  
SV-min   104   170   0.212593   -0.000000  
SV-min   104   172   -0.160482   -0.000000  
SV-min   104   174   -0.143799   0.000000  
SV-min   104   176   -0.123228   0.000000  
SV-min   104   178   -0.096869   -0.000000  
SV-min   104   180   -0.055550   -0.000000  
SV-min   104   182   0.002497   0.051470  
SV-min   104   184   0.005118   0.074486  
SV-min   104   186   0.011954   0.099766  
SV-min   104   188   0.030665   0.128362  
SV-min   104   190   0.063144   0.160000  
SV-min   104   192   0.088980   0.180876  
SV-min   104   194   0.117149   0.194717  
SV-min   104   196   0.155723   0.200641  
SV-min   104   198   0.186307   0.196419  
SV-min   104   200   0.210705   0.180446  
SV-min   104   202   0.261273   0.022213  
SV-min   104   204   0.254336   0.036042  
SV-min   104   206   0.253286   0.005335  
SV-min   104   208   0.252451   0.000001  
SV-min   104   210   0.252074   0.000004  
SV-min   104   212   0.251808   0.000015  
SV-min   104   214   0.251329   0.000011  
SV-min   104   216   0.250426   0.000001  
SV-min   104   218   0.249052   0.002580  
SV-min   104   220   0.247050   0.001966  
SV-min   104   222   0.244527   0.001396  
SV-min   104   224   0.241556   0.000680  
SV-min   104   226   0.238210   0.000876  
SV-min   104   228   0.234431   0.000000  
SV-min   104   230   0.230400   0.000000  
SV-min   104   232   0.225969   0.000000  
SV-min   104   234   0.220994   0.000000  
SV-min   104   236   0.215160   0.000000  
SV-min   104   238   0.207704   0.000000  
SV-min   104   240   0.196253   0.000000  
SV-min   104   242   -0.144085   -0.000000  
SV-min   104   244   -0.132743   -0.000000  
SV-min   104   246   -0.118182   -0.000000  
SV-min   104   248   -0.099924   0.000000  
SV-min   104   250   -0.076949   0.000000  
SV-min   104   252   -0.044092   0.000000  
SV-min   104   254   0.000756   0.032503  
SV-min   104   256   0.001385   0.041932  
SV-min   106   148   0.280749   0.000002  
SV-min   106   150   0.278361   0.000002  
SV-min   106   152   0.275688   0.001041  
SV-min   106   154   0.272207   0.000668  
SV-min   106   156   0.267783   0.000478  
SV-min   106   158   0.262494   0.000403  
SV-min   106   160   0.256569   -0.000000  
SV-min   106   162   0.250352   0.000000  
SV-min   106   164   0.243659   0.000000  
SV-min   106   166   0.236137   -0.000000  
SV-min   106   168   0.227196   -0.000000  
SV-min   106   170   0.215013   0.000000  
SV-min   106   172   0.192957   0.000000  
SV-min   106   174   -0.145071   0.000000  
SV-min   106   176   -0.124750   0.000000  
SV-min   106   178   -0.099565   -0.000000  
SV-min   106   180   -0.060038   -0.000000  
SV-min   106   182   -0.000829   0.030656  
SV-min   106   184   0.001546   0.063962  
SV-min   106   186   0.007178   0.094986  
SV-min   106   188   0.027554   0.129987  
SV-min   106   190   0.058073   0.162795  
SV-min   106   192   0.078854   0.181736  
SV-min   106   194   0.101723   0.194455  
SV-min   106   196   0.156636   0.197861  
SV-min   106   198   0.192931   0.190638  
SV-min   106   200   0.216615   0.166849  
SV-min   106   202   0.251201   0.041215  
SV-min   106   204   0.254021   0.005641  
SV-min   106   206   0.251920   0.000003  
SV-min   106   208   0.250712   0.000013  
SV-min   106   210   0.249923   0.000001  
SV-min   106   212   0.249184   0.000008  
SV-min   106   214   0.248339   0.000000  
SV-min   106   216   0.247248   0.001922  
SV-min   106   218   0.245621   0.001233  
SV-min   106   220   0.243479   0.001006  
SV-min   106   222   0.240831   0.000651  
SV-min   106   224   0.237728   0.000536  
SV-min   106   226   0.234159   0.000000  
SV-min   106   228   0.230298   0.000000  
SV-min   106   230   0.226076   0.000000  
SV-min   106   232   0.221431   0.000000  
SV-min   106   234   0.216220   0.000000  
SV-min   106   236   0.210143   0.000000  
SV-min   106   238   0.202530   0.000000  
SV-min   106   240   0.191411   0.000000  
SV-min   106   242   0.165448   0.000000  
SV-min   106   244   -0.132915   -0.000000  
SV-min   106   246   -0.118737   -0.000000  
SV-min   106   248   -0.100984   -0.000000  
SV-min   106   250   -0.078941   0.000000  
SV-min   106   252   -0.047530   0.000000  
SV-min   106   254   -0.001238   0.016828  
SV-min   106   256   -0.000148   0.032717  
SV-min   106   258   0.000775   0.052028  
SV-min   108   152   0.271414   0.000652  
SV-min   108   154   0.267242   0.000475  
SV-min   108   156   0.262298   0.000000  
SV-min   108   158   0.256848   0.000000  
SV-min   108   160   0.251129   0.000000  
SV-min   108   162   0.244888   0.000000  
SV-min   108   164   0.237988   -0.000000  
SV-min   108   166   0.229852   -0.000000  
SV-min   108   168   0.220575   0.000000  
SV-min   108   170   0.208139   -0.000000  
SV-min   108   172   0.186601   0.000000  
SV-min   108   174   -0.142984   0.000000  
SV-min   108   176   -0.123362   0.000000  
SV-min   108   178   -0.098524   0.000000  
SV-min   108   180   -0.060363   -0.000000  
SV-min   108   182   0.000275   0.000000  
SV-min   108   184   -0.000138   0.029985  
SV-min   108   186   0.003345   0.084393  
SV-min   108   188   0.021307   0.126170  
SV-min   108   190   0.051760   0.163528  
SV-min   108   192   0.068352   0.181493  
SV-min   108   194   0.083910   0.193724  
SV-min   108   196   0.155201   0.193127  
SV-min   108   198   0.195305   0.190189  
SV-min   108   200   0.239058   0.044949  
SV-min   108   202   0.249671   0.005882  
SV-min   108   204   0.248203   0.000011  
SV-min   108   206   0.247133   0.000010  
SV-min   108   208   0.245942   0.000001  
SV-min   108   210   0.244908   0.000000  
SV-min   108   212   0.243952   0.000000  
SV-min   108   214   0.242820   0.000003  
SV-min   108   216   0.241369   0.000001  
SV-min   108   218   0.239562   0.000755  
SV-min   108   220   0.237169   0.000536  
SV-min   108   222   0.234209   0.000000  
SV-min   108   224   0.230854   0.000000  
SV-min   108   226   0.227094   0.000000  
SV-min   108   228   0.222954   0.000000  
SV-min   108   230   0.218391   0.000000  
SV-min   108   232   0.213297   0.000000  
SV-min   108   234   0.207463   0.000000  
SV-min   108   236   0.200513   0.000000  
SV-min   108   238   0.191691   0.000000  
SV-min   108   240   0.178960   0.000000  
SV-min   108   242   0.154049   0.000000  
SV-min   108   244   -0.130416   -0.000000  
SV-min   108   246   -0.116529   -0.000000  
SV-min   108   248   -0.099293   -0.000000  
SV-min   108   250   -0.077875   -0.000000  
SV-min   108   252   -0.047101   -0.000000  
SV-min   108   254   0.000275   0.000000  
SV-min   108   256   0.000164   0.000000  
SV-min   108   258   -0.000077   0.019846  
SV-min   110   158   0.249320   0.000000  
SV-min   110   160   0.243287   0.000000  
SV-min   110   162   0.236859   -0.000000  
SV-min   110   164   0.229369   -0.000000  
SV-min   110   166   0.220760   0.000000  
SV-min   110   168   0.209835   0.000000  
SV-min   110   170   0.194547   0.000000  
SV-min   110   172   0.167342   -0.000000  
SV-min   110   174   -0.138209   -0.000000  
SV-min   110   176   -0.119613   -0.000000  
SV-min   110   178   -0.096118   -0.000000  
SV-min   110   180   -0.056082   -0.000000  
SV-min   110   182   0.000272   0.000000  
SV-min   110   184   0.000181   0.000000  
SV-min   110   186   0.000037   0.042764  
SV-min   110   188   0.017422   0.120326  
SV-min   110   190   0.046373   0.163537  
SV-min   110   192   0.059048   0.181228  
SV-min   110   194   0.067796   0.193222  
SV-min   110   196   0.084463   0.203668  
SV-min   110   198   0.192680   0.194984  
SV-min   110   200   0.244524   0.005888  
SV-min   110   202   0.249025   0.000000  
SV-min   110   204   0.246425   0.000000  
SV-min   110   206   0.244685   0.000000  
SV-min   110   208   0.242744   0.000000  
SV-min   110   210   0.240995   0.000000  
SV-min   110   212   0.239280   0.000000  
SV-min   110   214   0.237499   0.000000  
SV-min   110   216   0.235375   0.000000  
SV-min   110   218   0.232821   0.000000  
SV-min   110   220   0.229755   0.000000  
SV-min   110   222   0.226187   0.000000  
SV-min   110   224   0.222215   0.000000  
SV-min   110   226   0.217932   0.000000  
SV-min   110   228   0.213356   0.000000  
SV-min   110   230   0.208395   0.000000  
SV-min   110   232   0.202855   0.000000  
SV-min   110   234   0.196450   0.000000  
SV-min   110   236   0.188787   0.000000  
SV-min   110   238   0.179240   -0.000000  
SV-min   110   240   0.166347   0.000000  
SV-min   110   242   0.148725   0.000000  
SV-min   110   244   0.127718   -0.000000  
SV-min   110   246   -0.112213   -0.000000  
SV-min   110   248   -0.095455   -0.000000  
SV-min   110   250   -0.074276   -0.000000  
SV-min   110   252   -0.043301   -0.000000  
SV-min   110   254   0.000263   0.000000  
SV-min   110   256   0.000161   0.000000  
SV-min   110   258   -0.000127   -0.000000  
SV-min   112   160   0.233108   0.000000  
SV-min   112   162   0.226541   0.000000  
SV-min   112   164   0.218643   0.000000  
SV-min   112   166   0.208836   0.000000  
SV-min   112   168   0.196066   0.000000  
SV-min   112   170   0.178189   -0.000000  
SV-min   112   172   0.154574   -0.000000  
SV-min   112   174   0.128704   0.000000  
SV-min   112   176   -0.114353   -0.000000  
SV-min   112   178   -0.091480   0.000000  
SV-min   112   180   -0.049156   0.000000  
SV-min   112   182   0.000257   0.000000  
SV-min   112   184   0.000179   -0.000000  
SV-min   112   186   0.000180   -0.000000  
SV-min   112   188   0.010349   0.096374  
SV-min   112   190   0.042143   0.162739  
SV-min   112   192   0.051844   0.181411  
SV-min   112   194   0.054698   0.193339  
SV-min   112   196   0.051611   0.203313  
SV-min   112   198   0.179422   0.190681  
SV-min   112   200   0.354806   0.000621  
SV-min   112   202   0.315928   0.000000  
SV-min   112   204   0.253993   -0.000000  
SV-min   112   206   0.247656   -0.000000  
SV-min   112   208   0.243654   0.000000  
SV-min   112   210   0.240438   0.000000  
SV-min   112   212   0.237578   -0.000000  
SV-min   112   214   0.234684   0.000000  
SV-min   112   216   0.231502   -0.000000  
SV-min   112   218   0.227877   -0.000000  
SV-min   112   220   0.223701   -0.000000  
SV-min   112   222   0.219042   -0.000000  
SV-min   112   224   0.214092   -0.000000  
SV-min   112   226   0.209030   -0.000000  
SV-min   112   228   0.203894   -0.000000  
SV-min   112   230   0.198541   -0.000000  
SV-min   112   232   0.192703   -0.000000  
SV-min   112   234   0.186056   0.000000  
SV-min   112   236   0.178278   -0.000000  
SV-min   112   238   0.169001   -0.000000  
SV-min   112   240   0.157622   0.000000  
SV-min   112   242   0.143494   0.000000  
SV-min   112   244   0.125477   0.000000  
SV-min   112   246   -0.106395   0.000000  
SV-min   112   248   -0.090014   -0.000000  
SV-min   112   250   -0.068705   0.000000  
SV-min   112   252   -0.000000   -0.000000  
SV-min   112   254   0.000242   -0.000000  
SV-min   112   256   0.000156   -0.000000  
SV-min   112   258   0.000125   -0.000000  
SV-min   114   164   0.207149   -0.000000  
SV-min   114   166   0.196121   0.000000  
SV-min   114   168   0.181854   0.000000  
SV-min   114   170   0.163717   -0.000000  
SV-min   114   172   0.143123   -0.000000  
SV-min   114   174   -0.124558   0.000000  
SV-min   114   176   -0.108396   0.000000  
SV-min   114   178   -0.085619   0.000000  
SV-min   114   180   -0.000000   0.000000  
SV-min   114   182   0.000241   -0.000000  
SV-min   114   184   0.000171   -0.000000  
SV-min   114   186   0.000176   -0.000000  
SV-min   114   188   0.000000   -0.000000  
SV-min   114   190   0.038942   0.158999  
SV-min   114   192   0.046968   0.181911  
SV-min   114   194   0.045818   0.194566  
SV-min   114   196   0.030374   0.203031  
SV-min   114   198   0.003541   0.202847  
SV-min   114   200   -0.035248   0.188141  
SV-min   114   202   0.324415   0.000827  
SV-min   114   204   0.262905   -0.000000  
SV-min   114   206   0.251737   0.000000  
SV-min   114   208   0.245993   -0.000000  
SV-min   114   210   0.241777   -0.000000  
SV-min   114   212   0.237939   -0.000000  
SV-min   114   214   0.234216   -0.000000  
SV-min   114   216   0.230228   0.000000  
SV-min   114   218   0.225681   -0.000000  
SV-min   114   220   0.220449   0.000000  
SV-min   114   222   0.214663   0.000000  
SV-min   114   224   0.208659   0.000000  
SV-min   114   226   0.202742   -0.000000  
SV-min   114   228   0.196985   -0.000000  
SV-min   114   230   0.191207   0.000000  
SV-min   114   232   0.185074   0.000000  
SV-min   114   234   0.178227   0.000000  
SV-min   114   236   0.170365   0.000000  
SV-min   114   238   0.161198   0.000000  
SV-min   114   240   0.150435   0.000000  
SV-min   114   242   0.136794   0.000000  
SV-min   114   244   0.119463   0.000000  
SV-min   114   246   -0.099730   0.000000  
SV-min   114   248   -0.083677   0.000000  
SV-min   114   250   -0.062080   0.000000  
SV-min   114   252   -0.000000   -0.000000  
SV-min   114   254   0.000223   -0.000000  
SV-min   114   256   0.000149   -0.000000  
SV-min   114   258   0.000123   -0.000000  
SV-min   116   168   0.167892   0.000000  
SV-min   116   170   0.149363   -0.000000  
SV-min   116   172   0.129471   -0.000000  
SV-min   116   174   -0.117041   0.000000  
SV-min   116   176   -0.101491   0.000000  
SV-min   116   178   -0.078953   0.000000  
SV-min   116   180   -0.000000   -0.000000  
SV-min   116   182   0.000220   -0.000000  
SV-min   116   184   0.000163   -0.000000  
SV-min   116   186   0.000166   -0.000000  
SV-min   116   188   0.000000   0.000000  
SV-min   116   190   0.030948   0.117070  
SV-min   116   192   0.044570   0.181508  
SV-min   116   194   0.041663   0.196061  
SV-min   116   196   0.027697   0.206537  
SV-min   116   198   0.010166   0.212332  
SV-min   116   200   -0.006930   0.213214  
SV-min   116   202   0.331255   0.001947  
SV-min   116   204   0.269385   0.002189  
SV-min   116   206   0.254277   0.000000  
SV-min   116   208   0.246348   -0.000000  
SV-min   116   210   0.241910   -0.000000  
SV-min   116   212   0.238000   -0.000000  
SV-min   116   214   0.234093   0.000000  
SV-min   116   216   0.229960   -0.000000  
SV-min   116   218   0.225193   -0.000000  
SV-min   116   220   0.219572   0.000000  
SV-min   116   222   0.213198   0.000000  
SV-min   116   224   0.206474   -0.000000  
SV-min   116   226   0.199825   -0.000000  
SV-min   116   228   0.193399   -0.000000  
SV-min   116   230   0.186998   0.000000  
SV-min   116   232   0.180211   0.000000  
SV-min   116   234   0.172580   0.000000  
SV-min   116   236   0.163726   0.000000  
SV-min   116   238   0.153482   -0.000000  
SV-min   116   240   0.140508   0.000000  
SV-min   116   242   0.125351   0.000000  
SV-min   116   244   -0.105227   0.000000  
SV-min   116   246   -0.093267   0.000000  
SV-min   116   248   -0.077556   0.000000  
SV-min   116   250   -0.056226   0.000000  
SV-min   116   252   -0.000000   0.000000  
SV-min   116   254   0.000207   -0.000000  
SV-min   116   256   0.000144   -0.000000  
SV-min   116   258   0.000121   -0.000000  
SV-min   116   260   0.000116   -0.000000  
SV-min   118   172   -0.122880   -0.000000  
SV-min   118   174   -0.109102   -0.000000  
SV-min   118   176   -0.093022   0.000000  
SV-min   118   178   -0.070472   0.000000  
SV-min   118   180   -0.000000   0.000000  
SV-min   118   182   0.000196   -0.000000  
SV-min   118   184   0.000148   -0.000000  
SV-min   118   186   0.000152   -0.000000  
SV-min   118   188   -0.000000   0.000000  
SV-min   118   190   0.029575   0.097783  
SV-min   118   192   0.044581   0.180008  
SV-min   118   194   0.042313   0.196550  
SV-min   118   196   0.030553   0.208402  
SV-min   118   198   0.012489   0.215450  
SV-min   118   200   -0.000259   0.220452  
SV-min   118   202   -0.012368   0.221612  
SV-min   118   204   -0.027022   0.217334  
SV-min   118   206   0.251489   0.000002  
SV-min   118   208   0.243618   -0.000000  
SV-min   118   210   0.239385   -0.000000  
SV-min   118   212   0.236310   -0.000000  
SV-min   118   214   0.233116   -0.000000  
SV-min   118   216   0.229318   -0.000000  
SV-min   118   218   0.224942   -0.000000  
SV-min   118   220   0.219668   -0.000000  
SV-min   118   222   0.213479   -0.000000  
SV-min   118   224   0.206696   -0.000000  
SV-min   118   226   0.199738   -0.000000  
SV-min   118   228   0.192792   -0.000000  
SV-min   118   230   0.185655   0.000000  
SV-min   118   232   0.177781   -0.000000  
SV-min   118   234   0.168431   0.000000  
SV-min   118   236   0.156716   0.000000  
SV-min   118   238   0.141750   0.000000  
SV-min   118   240   -0.117423   0.000000  
SV-min   118   242   -0.110071   0.000000  
SV-min   118   244   -0.100442   0.000000  
SV-min   118   246   -0.087954   0.000000  
SV-min   118   248   -0.072068   0.000000  
SV-min   118   250   -0.051643   0.000000  
SV-min   118   252   -0.000000   0.000000  
SV-min   118   254   0.000193   -0.000000  
SV-min   118   256   0.000140   -0.000000  
SV-min   118   258   0.000118   -0.000000  
SV-min   118   260   0.000115   -0.000000  
SV-min   120   176   -0.080448   0.000000  
SV-min   120   178   -0.057559   0.000000  
SV-min   120   180   0.000260   0.000102  
SV-min   120   182   0.000165   -0.000000  
SV-min   120   184   -0.000131   0.000000  
SV-min   120   186   0.000133   -0.000000  
SV-min   120   188   -0.000000   -0.000000  
SV-min   120   190   0.033162   0.121168  
SV-min   120   192   0.046276   0.178473  
SV-min   120   194   0.046284   0.196729  
SV-min   120   196   0.037612   0.209131  
SV-min   120   198   0.021257   0.217632  
SV-min   120   200   0.195369   0.290431  
SV-min   120   202   0.240309   0.324109  
SV-min   120   204   0.259701   0.318177  
SV-min   120   206   -0.031704   0.222727  
SV-min   120   208   0.238724   0.000000  
SV-min   120   210   0.235621   0.002291  
SV-min   120   212   0.232902   -0.000000  
SV-min   120   214   0.230525   -0.000000  
SV-min   120   216   0.227948   -0.000000  
SV-min   120   218   0.224044   -0.000000  
SV-min   120   220   0.219292   0.000000  
SV-min   120   222   0.213602   0.000000  
SV-min   120   224   0.207175   -0.000000  
SV-min   120   226   0.200323   -0.000000  
SV-min   120   228   0.193182   0.000000  
SV-min   120   230   0.185440   0.000000  
SV-min   120   232   0.176232   0.000000  
SV-min   120   234   0.163962   0.000000  
SV-min   120   236   -0.132499   0.000000  
SV-min   120   238   -0.127041   0.000000  
SV-min   120   240   -0.120355   0.000000  
SV-min   120   242   -0.112167   0.000000  
SV-min   120   244   -0.101254   0.000000  
SV-min   120   246   -0.085552   0.000000  
SV-min   120   248   -0.066050   -0.000000  
SV-min   120   250   -0.045102   -0.000000  
SV-min   120   252   0.000213   0.000167  
SV-min   120   254   0.000178   -0.000000  
SV-min   120   256   0.000130   -0.000000  
SV-min   120   258   0.000112   -0.000000  
SV-min   120   260   0.000108   -0.000000  
SV-min   120   262   0.007629   0.049919  
SV-min   120   264   0.027469   0.116723  
SV-min   120   266   0.035774   0.152316  
SV-min   120   268   0.038054   0.170538  
SV-min   120   270   0.036520   0.182064  
SV-min   120   272   0.031065   0.191995  
SV-min   120   274   0.021313   0.200803  
SV-min   120   276   0.008387   0.207610  
SV-min   120   278   -0.004003   0.212265  
SV-min   120   280   0.186677   0.276142  
SV-min   120   282   0.199921   0.269856  
