EDF       Z     N      beta_2     beta_3  
UNEDF0     2     2   0.000244   -0.000000  
UNEDF0     2     4   0.000129   0.000004  
UNEDF0     2     6   -0.000039   -0.000000  
UNEDF0     4     2   0.000112   0.000015  
UNEDF0     4     4   0.000225   -0.000000  
UNEDF0     4     6   0.000727   0.000003  
UNEDF0     4     8   0.026550   0.027922  
UNEDF0     6     4   0.000170   0.000003  
UNEDF0     6     6   0.004111   0.000326  
UNEDF0     6     8   0.007754   0.002430  
UNEDF0     6    10   -0.000305   0.000000  
UNEDF0     6    12   0.000018   -0.000000  
UNEDF0     6    14   0.000000   -0.000000  
UNEDF0     6    16   0.000001   -0.000000  
UNEDF0     8     6   0.004002   0.000674  
UNEDF0     8     8   0.000160   0.000000  
UNEDF0     8    10   -0.000000   0.000000  
UNEDF0     8    12   0.000402   0.000000  
UNEDF0     8    14   0.000001   0.000000  
UNEDF0     8    16   0.006521   0.002711  
UNEDF0     8    18   -0.000041   0.000000  
UNEDF0     8    20   0.000162   0.000002  
UNEDF0    10     6   0.000171   0.000004  
UNEDF0    10     8   0.000238   0.000000  
UNEDF0    10    10   0.000000   0.000000  
UNEDF0    10    12   0.000526   0.000000  
UNEDF0    10    14   0.002590   0.000246  
UNEDF0    10    16   0.000216   0.000001  
UNEDF0    10    18   0.000141   0.000001  
UNEDF0    10    20   0.003369   0.000172  
UNEDF0    10    22   0.027923   0.000000  
UNEDF0    10    24   0.117586   -0.000000  
UNEDF0    12     8   -0.000239   -0.000000  
UNEDF0    12    10   -0.000000   -0.000000  
UNEDF0    12    12   0.032046   -0.000000  
UNEDF0    12    14   0.000433   0.000000  
UNEDF0    12    16   0.000494   -0.000000  
UNEDF0    12    18   0.000192   0.000003  
UNEDF0    12    20   0.001122   0.000024  
UNEDF0    12    22   0.056233   0.000000  
UNEDF0    12    24   0.160695   0.000000  
UNEDF0    12    26   0.177967   -0.000001  
UNEDF0    12    28   0.130794   -0.000001  
UNEDF0    12    30   -0.070026   -0.000000  
UNEDF0    12    32   0.000086   -0.000000  
UNEDF0    12    34   -0.001978   0.000000  
UNEDF0    14     8   0.003663   0.003426  
UNEDF0    14    10   -0.004965   0.002790  
UNEDF0    14    12   -0.000000   0.000000  
UNEDF0    14    14   0.004662   0.000002  
UNEDF0    14    16   0.000233   -0.000000  
UNEDF0    14    18   0.000315   0.000037  
UNEDF0    14    20   0.000275   0.000009  
UNEDF0    14    22   -0.000409   0.000000  
UNEDF0    14    24   0.082012   0.000000  
UNEDF0    14    26   0.107394   -0.000000  
UNEDF0    14    28   -0.096415   -0.000000  
UNEDF0    14    30   -0.045866   -0.000000  
UNEDF0    14    32   0.000699   -0.000000  
UNEDF0    14    34   0.012194   0.000306  
UNEDF0    16    10   -0.001156   0.000017  
UNEDF0    16    12   -0.004282   0.000008  
UNEDF0    16    14   0.000752   -0.000000  
UNEDF0    16    16   0.000589   0.000453  
UNEDF0    16    18   0.000985   0.000245  
UNEDF0    16    20   0.000128   0.000005  
UNEDF0    16    22   0.000786   0.000034  
UNEDF0    16    24   0.041258   0.000000  
UNEDF0    16    26   0.057648   0.000000  
UNEDF0    16    28   -0.049377   -0.000000  
UNEDF0    16    30   0.002477   0.000000  
UNEDF0    16    32   0.000614   -0.000001  
UNEDF0    16    34   0.000246   0.000001  
UNEDF0    16    36   0.000163   0.000012  
UNEDF0    16    38   0.000173   0.000006  
UNEDF0    18    14   -0.000000   0.000000  
UNEDF0    18    16   0.000131   0.000005  
UNEDF0    18    18   0.000564   0.000179  
UNEDF0    18    20   0.000088   0.000007  
UNEDF0    18    22   -0.000000   -0.000000  
UNEDF0    18    24   -0.000000   -0.000000  
UNEDF0    18    26   0.000000   -0.000000  
UNEDF0    18    28   -0.000000   -0.000000  
UNEDF0    18    30   -0.000279   0.000000  
UNEDF0    18    32   0.000186   -0.000002  
UNEDF0    18    34   0.000205   -0.000005  
UNEDF0    18    36   0.000145   0.000006  
UNEDF0    18    38   0.000121   0.000032  
UNEDF0    18    40   0.000321   0.000033  
UNEDF0    20    16   -0.000000   0.000000  
UNEDF0    20    18   0.000105   0.000016  
UNEDF0    20    20   0.000099   0.000018  
UNEDF0    20    22   -0.000000   -0.000000  
UNEDF0    20    24   -0.000000   -0.000000  
UNEDF0    20    26   0.000446   0.000002  
UNEDF0    20    28   -0.000371   0.000000  
UNEDF0    20    30   -0.000227   -0.000000  
UNEDF0    20    32   0.000176   -0.000003  
UNEDF0    20    34   0.000223   -0.000012  
UNEDF0    20    36   0.000155   -0.000015  
UNEDF0    20    38   0.000135   -0.000012  
UNEDF0    20    40   -0.000140   0.000000  
UNEDF0    20    42   -0.000190   0.000000  
UNEDF0    20    44   -0.000334   -0.000000  
UNEDF0    20    46   -0.000661   -0.000000  
UNEDF0    20    48   0.000004   -0.000000  
UNEDF0    20    50   -0.000000   -0.000000  
UNEDF0    20    52   0.000776   0.000000  
UNEDF0    22    18   -0.000000   0.000000  
UNEDF0    22    20   0.000072   0.000022  
UNEDF0    22    22   -0.000000   -0.000000  
UNEDF0    22    24   -0.000000   0.000000  
UNEDF0    22    26   -0.000000   -0.000000  
UNEDF0    22    28   -0.000000   -0.000000  
UNEDF0    22    30   0.000272   0.000000  
UNEDF0    22    32   0.000221   -0.000000  
UNEDF0    22    34   -0.000130   0.000234  
UNEDF0    22    36   -0.000000   -0.000000  
UNEDF0    22    38   0.000000   -0.000000  
UNEDF0    22    40   -0.000169   0.000000  
UNEDF0    22    42   0.000000   -0.000000  
UNEDF0    22    44   0.000000   0.000000  
UNEDF0    22    46   0.110376   0.000000  
UNEDF0    22    48   0.125931   0.000000  
UNEDF0    22    50   0.112845   0.000000  
UNEDF0    22    52   0.080236   0.000000  
UNEDF0    22    54   -0.037017   0.000000  
UNEDF0    22    56   0.000005   0.000000  
UNEDF0    22    58   0.000216   0.000000  
UNEDF0    24    18   -0.000000   0.000000  
UNEDF0    24    20   -0.000282   0.000074  
UNEDF0    24    22   -0.000000   -0.000000  
UNEDF0    24    24   0.101141   0.000000  
UNEDF0    24    26   0.098171   0.000000  
UNEDF0    24    28   -0.000000   -0.000000  
UNEDF0    24    30   0.000361   -0.000000  
UNEDF0    24    32   -0.000317   -0.000000  
UNEDF0    24    34   -0.000000   -0.000000  
UNEDF0    24    36   -0.000000   -0.000000  
UNEDF0    24    38   -0.000000   -0.000000  
UNEDF0    24    40   -0.000000   -0.000000  
UNEDF0    24    42   -0.000000   -0.000000  
UNEDF0    24    44   0.111521   -0.000000  
UNEDF0    24    46   0.143506   0.000008  
UNEDF0    24    48   0.153495   0.000000  
UNEDF0    24    50   0.144341   0.000000  
UNEDF0    24    52   0.117930   0.000000  
UNEDF0    24    54   0.078357   0.000000  
UNEDF0    24    56   0.000001   0.000000  
UNEDF0    24    58   0.000295   0.000000  
UNEDF0    24    60   -0.000190   0.000000  
UNEDF0    26    20   0.000302   0.000000  
UNEDF0    26    22   -0.000000   0.000000  
UNEDF0    26    24   0.110424   0.000009  
UNEDF0    26    26   0.100116   0.000000  
UNEDF0    26    28   -0.000000   -0.000000  
UNEDF0    26    30   0.000000   -0.000000  
UNEDF0    26    32   -0.000420   -0.000000  
UNEDF0    26    34   0.000000   -0.000000  
UNEDF0    26    36   0.000000   -0.000000  
UNEDF0    26    38   0.000320   0.000000  
UNEDF0    26    40   0.000251   -0.000000  
UNEDF0    26    42   -0.000000   -0.000000  
UNEDF0    26    44   -0.000000   -0.000000  
UNEDF0    26    46   0.111918   0.000005  
UNEDF0    26    48   0.125236   0.000013  
UNEDF0    26    50   0.117219   0.000017  
UNEDF0    26    52   0.090897   0.000000  
UNEDF0    26    54   -0.057393   0.000000  
UNEDF0    26    56   0.000000   -0.000000  
UNEDF0    26    58   0.000312   0.000000  
UNEDF0    26    60   0.000221   -0.000000  
UNEDF0    26    62   -0.000187   -0.000000  
UNEDF0    28    22   -0.000000   -0.000000  
UNEDF0    28    24   0.086677   0.000000  
UNEDF0    28    26   0.073612   -0.000008  
UNEDF0    28    28   0.000000   -0.000000  
UNEDF0    28    30   0.000000   -0.000000  
UNEDF0    28    32   -0.000434   -0.000000  
UNEDF0    28    34   0.009990   0.000012  
UNEDF0    28    36   0.000000   -0.000000  
UNEDF0    28    38   0.000348   -0.000000  
UNEDF0    28    40   0.000251   0.000000  
UNEDF0    28    42   0.000262   0.000000  
UNEDF0    28    44   -0.000000   -0.000000  
UNEDF0    28    46   -0.000487   -0.000000  
UNEDF0    28    48   -0.001169   -0.000000  
UNEDF0    28    50   -0.004598   -0.000000  
UNEDF0    28    52   -0.000000   -0.000000  
UNEDF0    28    54   0.000000   -0.000000  
UNEDF0    28    56   0.000446   0.000000  
UNEDF0    28    58   0.000314   0.000000  
UNEDF0    28    60   -0.000254   -0.000000  
UNEDF0    28    62   0.000227   -0.000000  
UNEDF0    28    64   -0.000208   0.000000  
UNEDF0    30    24   -0.000000   0.000000  
UNEDF0    30    26   -0.000000   -0.000000  
UNEDF0    30    28   0.000580   -0.000000  
UNEDF0    30    30   0.000000   -0.000000  
UNEDF0    30    32   -0.000344   0.000000  
UNEDF0    30    34   0.000000   -0.000000  
UNEDF0    30    36   0.002499   -0.000000  
UNEDF0    30    38   0.000321   0.000000  
UNEDF0    30    40   0.000242   -0.000000  
UNEDF0    30    42   0.000250   -0.000000  
UNEDF0    30    44   -0.000000   0.000000  
UNEDF0    30    46   -0.000000   0.000000  
UNEDF0    30    48   -0.000000   -0.000000  
UNEDF0    30    50   -0.000000   -0.000000  
UNEDF0    30    52   -0.000000   -0.000000  
UNEDF0    30    54   0.000000   -0.000000  
UNEDF0    30    56   0.000395   0.000000  
UNEDF0    30    58   0.000311   -0.000000  
UNEDF0    30    60   0.000301   0.000000  
UNEDF0    30    62   0.000299   0.000000  
UNEDF0    30    64   0.000000   -0.000000  
UNEDF0    30    66   -0.000000   -0.000000  
UNEDF0    30    68   -0.000000   -0.000000  
UNEDF0    30    70   -0.000000   -0.000000  
UNEDF0    32    28   0.000638   -0.000000  
UNEDF0    32    30   0.000000   -0.000000  
UNEDF0    32    32   -0.000371   -0.000000  
UNEDF0    32    34   -0.000000   -0.000000  
UNEDF0    32    36   -0.000000   -0.000000  
UNEDF0    32    38   0.000396   0.000000  
UNEDF0    32    40   0.000286   -0.000000  
UNEDF0    32    42   -0.000000   0.000000  
UNEDF0    32    44   -0.000000   0.000000  
UNEDF0    32    46   0.092760   0.000109  
UNEDF0    32    48   0.098620   0.000024  
UNEDF0    32    50   0.084771   -0.000000  
UNEDF0    32    52   -0.078926   -0.000000  
UNEDF0    32    54   -0.075696   -0.000000  
UNEDF0    32    56   0.000562   -0.000000  
UNEDF0    32    58   0.000481   0.000000  
UNEDF0    32    60   0.000685   0.000000  
UNEDF0    32    62   -0.000000   -0.000000  
UNEDF0    32    64   -0.000000   -0.000000  
UNEDF0    32    66   0.000623   -0.000000  
UNEDF0    32    68   0.000404   0.000000  
UNEDF0    32    70   0.000413   -0.000000  
UNEDF0    32    72   0.129464   -0.000000  
UNEDF0    32    74   0.156135   0.000000  
UNEDF0    32    76   0.173538   -0.000000  
UNEDF0    32    78   0.183594   -0.000000  
UNEDF0    34    30   0.000000   -0.000000  
UNEDF0    34    32   -0.000487   0.000000  
UNEDF0    34    34   0.057366   0.000552  
UNEDF0    34    36   -0.076164   -0.000000  
UNEDF0    34    38   0.000540   0.000000  
UNEDF0    34    40   -0.000347   -0.000000  
UNEDF0    34    42   -0.000000   -0.000000  
UNEDF0    34    44   0.088087   -0.000000  
UNEDF0    34    46   0.106663   -0.000000  
UNEDF0    34    48   0.098712   -0.000000  
UNEDF0    34    50   0.070416   0.000000  
UNEDF0    34    52   -0.084321   -0.000000  
UNEDF0    34    54   -0.085528   -0.000000  
UNEDF0    34    56   0.002244   0.000000  
UNEDF0    34    58   0.002859   0.000000  
UNEDF0    34    60   0.059907   0.000000  
UNEDF0    34    62   -0.137659   -0.000000  
UNEDF0    34    64   -0.112637   -0.000000  
UNEDF0    34    66   -0.096814   -0.000000  
UNEDF0    34    68   0.001684   0.000000  
UNEDF0    34    70   0.001006   0.000000  
UNEDF0    34    72   -0.000000   -0.000000  
UNEDF0    34    74   0.142071   0.000000  
UNEDF0    34    76   0.165399   -0.000000  
UNEDF0    34    78   0.173185   -0.000000  
UNEDF0    34    80   0.177647   -0.000000  
UNEDF0    34    82   0.179274   0.000000  
UNEDF0    36    32   0.000581   0.000000  
UNEDF0    36    34   0.073789   0.000000  
UNEDF0    36    36   -0.104677   0.000000  
UNEDF0    36    38   0.000603   0.000000  
UNEDF0    36    40   0.000353   0.000011  
UNEDF0    36    42   0.000000   -0.000000  
UNEDF0    36    44   0.041360   0.000000  
UNEDF0    36    46   0.107740   -0.000000  
UNEDF0    36    48   0.000000   0.000000  
UNEDF0    36    50   0.000000   -0.000000  
UNEDF0    36    52   -0.076041   -0.000000  
UNEDF0    36    54   -0.081315   -0.000000  
UNEDF0    36    56   0.002024   0.000000  
UNEDF0    36    58   0.000000   -0.000000  
UNEDF0    36    60   -0.136261   -0.000000  
UNEDF0    36    62   -0.169546   -0.000000  
UNEDF0    36    64   -0.172133   -0.000000  
UNEDF0    36    66   -0.126500   -0.000000  
UNEDF0    36    68   0.002029   0.000000  
UNEDF0    36    70   0.000539   0.000000  
UNEDF0    36    72   0.000604   0.000000  
UNEDF0    36    74   -0.000000   0.000000  
UNEDF0    36    76   0.083693   0.000000  
UNEDF0    36    78   0.123748   0.000000  
UNEDF0    36    80   0.138221   -0.000000  
UNEDF0    36    82   0.155845   -0.000000  
UNEDF0    36    84   0.154331   -0.000000  
UNEDF0    36    86   -0.128326   -0.000000  
UNEDF0    36    88   -0.132568   0.000000  
UNEDF0    38    34   0.061487   -0.000064  
UNEDF0    38    36   -0.103742   0.000000  
UNEDF0    38    38   0.000532   0.000000  
UNEDF0    38    40   0.000318   0.000000  
UNEDF0    38    42   0.000000   0.000000  
UNEDF0    38    44   0.000000   -0.000000  
UNEDF0    38    46   0.000000   0.000000  
UNEDF0    38    48   0.000000   0.000000  
UNEDF0    38    50   0.001002   -0.000000  
UNEDF0    38    52   -0.049483   -0.000000  
UNEDF0    38    54   0.000000   -0.000000  
UNEDF0    38    56   0.000882   0.000000  
UNEDF0    38    58   0.000000   -0.000000  
UNEDF0    38    60   -0.165697   -0.000000  
UNEDF0    38    62   -0.177278   0.000000  
UNEDF0    38    64   0.334833   0.000222  
UNEDF0    38    66   0.328407   -0.000000  
UNEDF0    38    68   0.315842   -0.000000  
UNEDF0    38    70   0.000396   0.000000  
UNEDF0    38    72   -0.000338   0.000000  
UNEDF0    38    74   -0.000000   0.000000  
UNEDF0    38    76   -0.000000   -0.000000  
UNEDF0    38    78   0.000644   0.000000  
UNEDF0    38    80   0.001816   0.000000  
UNEDF0    38    82   0.000000   -0.000000  
UNEDF0    38    84   0.000000   0.000000  
UNEDF0    38    86   -0.095395   0.000000  
UNEDF0    38    88   -0.105827   0.000000  
UNEDF0    38    90   -0.106362   0.000000  
UNEDF0    38    92   0.000801   -0.000000  
UNEDF0    38    94   0.000381   -0.000000  
UNEDF0    40    36   -0.083618   0.000000  
UNEDF0    40    38   0.000447   0.000000  
UNEDF0    40    40   0.000280   0.000000  
UNEDF0    40    42   0.000000   0.000000  
UNEDF0    40    44   0.000000   0.000000  
UNEDF0    40    46   0.000000   -0.000000  
UNEDF0    40    48   0.000000   0.000000  
UNEDF0    40    50   0.000386   -0.000000  
UNEDF0    40    52   0.000000   0.000000  
UNEDF0    40    54   0.000000   -0.000000  
UNEDF0    40    56   0.000484   0.000000  
UNEDF0    40    58   0.002509   0.000000  
UNEDF0    40    60   -0.162347   0.000000  
UNEDF0    40    62   0.325614   -0.000000  
UNEDF0    40    64   0.330549   -0.000000  
UNEDF0    40    66   0.324836   -0.000000  
UNEDF0    40    68   0.312653   0.000000  
UNEDF0    40    70   0.000357   0.000000  
UNEDF0    40    72   0.000289   -0.000000  
UNEDF0    40    74   -0.000000   -0.000000  
UNEDF0    40    76   -0.000000   -0.000000  
UNEDF0    40    78   0.000293   0.000000  
UNEDF0    40    80   0.000308   0.000000  
UNEDF0    40    82   0.000390   0.000000  
UNEDF0    40    84   0.000774   0.000000  
UNEDF0    40    86   0.000000   -0.000000  
UNEDF0    40    88   -0.077995   -0.000000  
UNEDF0    40    90   0.000000   -0.000000  
UNEDF0    40    92   0.000409   0.000000  
UNEDF0    40    94   0.000292   -0.000000  
UNEDF0    40    96   -0.000229   -0.000000  
UNEDF0    42    38   0.000366   -0.000000  
UNEDF0    42    40   0.000207   -0.000000  
UNEDF0    42    42   0.000000   0.000000  
UNEDF0    42    44   0.000000   -0.000000  
UNEDF0    42    46   0.115586   0.000019  
UNEDF0    42    48   0.000000   -0.000000  
UNEDF0    42    50   -0.000270   -0.000000  
UNEDF0    42    52   0.000000   -0.000000  
UNEDF0    42    54   0.000000   -0.000000  
UNEDF0    42    56   0.000341   -0.000000  
UNEDF0    42    58   0.001706   -0.000000  
UNEDF0    42    60   -0.176719   0.000000  
UNEDF0    42    62   0.321478   0.000000  
UNEDF0    42    64   0.324933   0.000000  
UNEDF0    42    66   0.313702   0.000000  
UNEDF0    42    68   0.296168   0.000000  
UNEDF0    42    70   0.274009   0.000000  
UNEDF0    42    72   0.000265   -0.000000  
UNEDF0    42    74   -0.000000   0.000000  
UNEDF0    42    76   -0.000000   -0.000000  
UNEDF0    42    78   0.000000   -0.000000  
UNEDF0    42    80   0.000000   0.000000  
UNEDF0    42    82   0.000257   0.000000  
UNEDF0    42    84   0.020917   -0.000000  
UNEDF0    42    86   0.060664   0.000000  
UNEDF0    42    88   -0.084756   0.000000  
UNEDF0    42    90   -0.081775   -0.000000  
UNEDF0    42    92   0.000000   -0.000000  
UNEDF0    42    94   0.000249   -0.000000  
UNEDF0    42    96   0.000210   -0.000000  
UNEDF0    42    98   -0.000201   0.000000  
UNEDF0    44    40   -0.000227   -0.000000  
UNEDF0    44    42   0.000000   0.000000  
UNEDF0    44    44   0.083001   0.000000  
UNEDF0    44    46   0.128611   0.000000  
UNEDF0    44    48   0.071747   0.000000  
UNEDF0    44    50   -0.000247   -0.000000  
UNEDF0    44    52   0.050010   0.000000  
UNEDF0    44    54   0.022250   0.000000  
UNEDF0    44    56   0.000564   -0.000000  
UNEDF0    44    58   0.118913   -0.000000  
UNEDF0    44    60   0.136474   -0.000000  
UNEDF0    44    62   -0.189807   -0.000000  
UNEDF0    44    64   -0.194756   -0.000000  
UNEDF0    44    66   -0.195122   0.000000  
UNEDF0    44    68   -0.189859   0.000000  
UNEDF0    44    70   0.220427   -0.000000  
UNEDF0    44    72   -0.000000   -0.000000  
UNEDF0    44    74   0.000000   0.000000  
UNEDF0    44    76   0.078885   0.000000  
UNEDF0    44    78   0.061564   0.000000  
UNEDF0    44    80   0.000000   0.000000  
UNEDF0    44    82   0.000221   -0.000000  
UNEDF0    44    84   0.035771   0.000000  
UNEDF0    44    86   0.066368   -0.000000  
UNEDF0    44    88   0.077212   0.000000  
UNEDF0    44    90   -0.056989   -0.000000  
UNEDF0    44    92   0.000000   -0.000000  
UNEDF0    44    94   0.000373   -0.000000  
UNEDF0    44    96   0.000374   0.000000  
UNEDF0    44    98   0.000000   -0.000000  
UNEDF0    44   100   0.000000   -0.000000  
UNEDF0    44   102   -0.022865   0.000000  
UNEDF0    44   104   -0.021647   0.000000  
UNEDF0    44   106   -0.000013   -0.000000  
UNEDF0    46    42   0.000000   0.000000  
UNEDF0    46    44   0.070165   0.000000  
UNEDF0    46    46   0.148876   0.000000  
UNEDF0    46    48   0.080114   0.000000  
UNEDF0    46    50   0.000223   0.000000  
UNEDF0    46    52   0.047192   -0.000000  
UNEDF0    46    54   0.026307   0.000000  
UNEDF0    46    56   0.118602   0.000000  
UNEDF0    46    58   0.136456   0.000000  
UNEDF0    46    60   0.143849   0.000000  
UNEDF0    46    62   0.156602   0.000000  
UNEDF0    46    64   0.179533   0.000000  
UNEDF0    46    66   0.195968   0.000000  
UNEDF0    46    68   0.187305   0.000000  
UNEDF0    46    70   0.170477   -0.000000  
UNEDF0    46    72   0.000000   0.000000  
UNEDF0    46    74   0.071349   0.000000  
UNEDF0    46    76   0.070791   0.000000  
UNEDF0    46    78   0.056782   0.000000  
UNEDF0    46    80   0.005525   0.000000  
UNEDF0    46    82   0.000180   -0.000000  
UNEDF0    46    84   0.042010   0.000000  
UNEDF0    46    86   0.070300   -0.000000  
UNEDF0    46    88   0.084008   0.000000  
UNEDF0    46    90   0.084669   -0.000000  
UNEDF0    46    92   -0.000000   -0.000000  
UNEDF0    46    94   -0.001604   0.000000  
UNEDF0    46    96   0.069308   0.000000  
UNEDF0    46    98   0.076831   0.000000  
UNEDF0    46   100   0.075142   0.000000  
UNEDF0    46   102   0.071886   0.000000  
UNEDF0    46   104   0.066829   0.000147  
UNEDF0    46   106   0.053692   0.000000  
UNEDF0    46   108   0.000000   0.000000  
UNEDF0    46   110   -0.000294   -0.000000  
UNEDF0    46   112   -0.000246   -0.000000  
UNEDF0    48    44   0.033659   -0.000000  
UNEDF0    48    46   0.076514   -0.000000  
UNEDF0    48    48   -0.000000   -0.000000  
UNEDF0    48    50   -0.000000   0.000000  
UNEDF0    48    52   -0.000000   -0.000000  
UNEDF0    48    54   -0.000000   -0.000000  
UNEDF0    48    56   -0.000000   -0.000000  
UNEDF0    48    58   0.105235   0.000000  
UNEDF0    48    60   0.112866   -0.000000  
UNEDF0    48    62   0.116785   0.000000  
UNEDF0    48    64   0.123494   -0.000000  
UNEDF0    48    66   0.124969   0.000000  
UNEDF0    48    68   0.120033   -0.000000  
UNEDF0    48    70   0.000000   0.000000  
UNEDF0    48    72   0.000000   0.000000  
UNEDF0    48    74   0.011356   -0.000000  
UNEDF0    48    76   0.000000   -0.000000  
UNEDF0    48    78   0.000000   -0.000000  
UNEDF0    48    80   0.000000   0.000000  
UNEDF0    48    82   0.000135   0.000000  
UNEDF0    48    84   0.000000   -0.000000  
UNEDF0    48    86   0.047214   -0.000000  
UNEDF0    48    88   0.054417   -0.000000  
UNEDF0    48    90   0.048396   0.000000  
UNEDF0    48    92   -0.000836   -0.000000  
UNEDF0    48    94   -0.001888   0.000000  
UNEDF0    48    96   0.080369   0.000000  
UNEDF0    48    98   0.081625   0.000000  
UNEDF0    48   100   0.080534   0.000000  
UNEDF0    48   102   0.076529   0.000000  
UNEDF0    48   104   0.069956   0.000000  
UNEDF0    48   106   0.050773   0.000000  
UNEDF0    48   108   0.000000   -0.000000  
UNEDF0    48   110   0.000000   -0.000000  
UNEDF0    48   112   0.000000   0.000000  
UNEDF0    48   114   -0.000000   -0.000000  
UNEDF0    48   116   0.000000   0.000000  
UNEDF0    48   118   0.043815   -0.000000  
UNEDF0    50    48   0.000208   -0.000000  
UNEDF0    50    50   0.000146   -0.000000  
UNEDF0    50    52   -0.000000   -0.000000  
UNEDF0    50    54   0.000299   0.000000  
UNEDF0    50    56   0.004408   0.000000  
UNEDF0    50    58   -0.000000   0.000000  
UNEDF0    50    60   0.066287   -0.000000  
UNEDF0    50    62   0.068545   0.000000  
UNEDF0    50    64   -0.063452   -0.000000  
UNEDF0    50    66   -0.000000   0.000000  
UNEDF0    50    68   0.002483   -0.000000  
UNEDF0    50    70   -0.006062   -0.000000  
UNEDF0    50    72   0.000269   -0.000000  
UNEDF0    50    74   -0.000206   -0.000000  
UNEDF0    50    76   -0.000175   -0.000000  
UNEDF0    50    78   0.000000   0.000000  
UNEDF0    50    80   0.000000   0.000000  
UNEDF0    50    82   0.000338   0.000000  
UNEDF0    50    84   0.000000   -0.000000  
UNEDF0    50    86   0.000000   -0.000000  
UNEDF0    50    88   -0.000000   -0.000000  
UNEDF0    50    90   0.000320   0.000000  
UNEDF0    50    92   0.000336   -0.000000  
UNEDF0    50    94   0.000505   -0.000000  
UNEDF0    50    96   0.000000   -0.000000  
UNEDF0    50    98   0.037330   -0.000000  
UNEDF0    50   100   -0.072401   0.000000  
UNEDF0    50   102   -0.080269   -0.000000  
UNEDF0    50   104   -0.068085   0.000000  
UNEDF0    50   106   -0.000000   -0.000000  
UNEDF0    50   108   0.000466   0.000000  
UNEDF0    50   110   0.000259   -0.000000  
UNEDF0    50   112   0.000182   -0.000000  
UNEDF0    50   114   0.000153   -0.000000  
UNEDF0    50   116   -0.000000   0.000000  
UNEDF0    50   118   -0.000000   -0.000000  
UNEDF0    50   120   -0.000000   0.000000  
UNEDF0    50   122   -0.000000   -0.000000  
UNEDF0    50   124   0.000134   -0.000000  
UNEDF0    52    54   0.060348   -0.000000  
UNEDF0    52    56   0.108075   -0.000000  
UNEDF0    52    58   0.120026   0.000000  
UNEDF0    52    60   0.124183   -0.000000  
UNEDF0    52    62   0.121621   0.000000  
UNEDF0    52    64   -0.135447   -0.000000  
UNEDF0    52    66   -0.134563   0.000000  
UNEDF0    52    68   -0.123852   0.000000  
UNEDF0    52    70   -0.102424   -0.000000  
UNEDF0    52    72   0.000000   0.000000  
UNEDF0    52    74   0.000000   0.000000  
UNEDF0    52    76   0.000000   0.000000  
UNEDF0    52    78   0.000000   0.000000  
UNEDF0    52    80   0.000000   0.000000  
UNEDF0    52    82   0.000153   0.000000  
UNEDF0    52    84   0.000000   0.000000  
UNEDF0    52    86   0.061169   -0.000000  
UNEDF0    52    88   0.070479   -0.000000  
UNEDF0    52    90   0.034370   -0.000000  
UNEDF0    52    92   0.117347   -0.000000  
UNEDF0    52    94   0.127860   -0.000000  
UNEDF0    52    96   0.138032   -0.000000  
UNEDF0    52    98   -0.143871   -0.000000  
UNEDF0    52   100   -0.149859   -0.000000  
UNEDF0    52   102   -0.150814   -0.000000  
UNEDF0    52   104   -0.147716   -0.000000  
UNEDF0    52   106   -0.140864   0.000311  
UNEDF0    52   108   -0.130060   0.000280  
UNEDF0    52   110   -0.114545   0.000000  
UNEDF0    52   112   -0.092724   -0.000000  
UNEDF0    52   114   -0.000000   0.000000  
UNEDF0    52   116   -0.000000   0.000000  
UNEDF0    52   118   0.061592   -0.000000  
UNEDF0    52   120   0.052360   -0.000000  
UNEDF0    52   122   0.037283   -0.000000  
UNEDF0    52   124   -0.000279   -0.000000  
UNEDF0    52   126   -0.000311   -0.000000  
UNEDF0    54    56   0.163816   0.065188  
UNEDF0    54    58   0.178383   0.052178  
UNEDF0    54    60   0.192520   0.042472  
UNEDF0    54    62   0.234234   -0.000000  
UNEDF0    54    64   0.243105   -0.000000  
UNEDF0    54    66   0.236434   -0.000000  
UNEDF0    54    68   0.225744   0.000000  
UNEDF0    54    70   0.209449   -0.000000  
UNEDF0    54    72   0.184841   -0.000000  
UNEDF0    54    74   0.151176   -0.000000  
UNEDF0    54    76   0.113877   -0.000000  
UNEDF0    54    78   0.085178   -0.000000  
UNEDF0    54    80   0.000000   0.000000  
UNEDF0    54    82   0.000245   -0.000000  
UNEDF0    54    84   0.062114   -0.000000  
UNEDF0    54    86   0.105988   0.042472  
UNEDF0    54    88   0.139017   0.067359  
UNEDF0    54    90   0.158749   0.077992  
UNEDF0    54    92   0.171191   0.081966  
UNEDF0    54    94   0.185811   0.065288  
UNEDF0    54    96   0.215168   -0.000000  
UNEDF0    54    98   0.232747   0.000000  
UNEDF0    54   100   0.240860   -0.000000  
UNEDF0    54   102   0.238497   -0.000000  
UNEDF0    54   104   0.229807   0.000000  
UNEDF0    54   106   0.219124   -0.000000  
UNEDF0    54   108   0.206967   -0.000000  
UNEDF0    54   110   0.192853   0.000000  
UNEDF0    54   112   0.175903   0.000000  
UNEDF0    54   114   0.156031   0.000000  
UNEDF0    54   116   0.133900   -0.000000  
UNEDF0    54   118   0.111693   0.000000  
UNEDF0    54   120   0.092336   -0.000000  
UNEDF0    54   122   0.073904   -0.000000  
UNEDF0    54   124   0.031135   -0.000000  
UNEDF0    54   126   -0.001032   0.000000  
UNEDF0    56    60   0.307664   -0.000000  
UNEDF0    56    62   0.329662   -0.000000  
UNEDF0    56    64   0.323515   -0.000000  
UNEDF0    56    66   0.295259   -0.000000  
UNEDF0    56    68   0.273047   -0.000000  
UNEDF0    56    70   0.251816   -0.000000  
UNEDF0    56    72   0.226455   -0.000000  
UNEDF0    56    74   0.192633   -0.000000  
UNEDF0    56    76   0.153191   0.000000  
UNEDF0    56    78   0.114769   -0.000000  
UNEDF0    56    80   0.074984   -0.000000  
UNEDF0    56    82   -0.000364   0.000000  
UNEDF0    56    84   0.082236   -0.000000  
UNEDF0    56    86   0.132660   0.068367  
UNEDF0    56    88   0.166066   0.092583  
UNEDF0    56    90   0.188097   0.101612  
UNEDF0    56    92   0.205703   0.102043  
UNEDF0    56    94   0.231024   0.087713  
UNEDF0    56    96   0.267837   0.036204  
UNEDF0    56    98   0.277263   0.000000  
UNEDF0    56   100   0.281034   0.000000  
UNEDF0    56   102   0.279746   -0.000000  
UNEDF0    56   104   0.271682   -0.000000  
UNEDF0    56   106   0.259013   0.000000  
UNEDF0    56   108   0.244938   0.000000  
UNEDF0    56   110   0.229549   -0.000000  
UNEDF0    56   112   0.211747   -0.000000  
UNEDF0    56   114   0.190797   -0.000000  
UNEDF0    56   116   0.166157   -0.000000  
UNEDF0    56   118   0.138874   0.000000  
UNEDF0    56   120   0.112138   0.000000  
UNEDF0    56   122   0.087821   0.000000  
UNEDF0    56   124   0.051727   -0.000000  
UNEDF0    56   126   -0.000941   0.000000  
UNEDF0    56   128   0.076372   -0.000000  
UNEDF0    56   130   0.114711   -0.000000  
UNEDF0    56   132   0.134535   -0.000000  
UNEDF0    58    60   0.344951   -0.000000  
UNEDF0    58    62   0.357707   -0.000000  
UNEDF0    58    64   0.354101   -0.000003  
UNEDF0    58    66   0.336069   -0.000000  
UNEDF0    58    68   0.312701   -0.000000  
UNEDF0    58    70   0.289311   -0.000000  
UNEDF0    58    72   0.264721   -0.000000  
UNEDF0    58    74   0.227357   -0.000000  
UNEDF0    58    76   0.179641   -0.000000  
UNEDF0    58    78   0.137162   -0.000000  
UNEDF0    58    80   0.091122   -0.000000  
UNEDF0    58    82   -0.000000   0.000000  
UNEDF0    58    84   0.097669   -0.000000  
UNEDF0    58    86   0.145165   0.063977  
UNEDF0    58    88   0.183675   0.094261  
UNEDF0    58    90   0.211446   0.102564  
UNEDF0    58    92   0.272689   -0.000000  
UNEDF0    58    94   0.293361   -0.000000  
UNEDF0    58    96   0.302964   0.000004  
UNEDF0    58    98   0.307760   -0.000000  
UNEDF0    58   100   0.310405   -0.000000  
UNEDF0    58   102   0.311753   0.000000  
UNEDF0    58   104   0.311371   -0.000000  
UNEDF0    58   106   0.311826   -0.000000  
UNEDF0    58   108   0.300006   -0.000000  
UNEDF0    58   110   0.278722   -0.000000  
UNEDF0    58   112   0.261100   0.000000  
UNEDF0    58   114   0.240489   0.000000  
UNEDF0    58   116   0.191956   0.000000  
UNEDF0    58   118   0.154669   0.000000  
UNEDF0    58   120   0.121885   -0.000000  
UNEDF0    58   122   0.091966   -0.000000  
UNEDF0    58   124   0.051990   0.000000  
UNEDF0    58   126   0.000355   -0.000000  
UNEDF0    58   128   0.065565   -0.000000  
UNEDF0    58   130   0.109208   0.000000  
UNEDF0    58   132   0.136266   0.036029  
UNEDF0    58   134   0.154395   0.056216  
UNEDF0    58   136   0.165474   0.066090  
UNEDF0    60    62   0.373385   -0.000001  
UNEDF0    60    64   0.370229   0.000000  
UNEDF0    60    66   0.358088   0.000000  
UNEDF0    60    68   0.341481   -0.000000  
UNEDF0    60    70   0.325239   -0.000000  
UNEDF0    60    72   0.316403   -0.000000  
UNEDF0    60    74   0.297043   0.003117  
UNEDF0    60    76   0.199747   0.000000  
UNEDF0    60    78   0.148732   -0.000000  
UNEDF0    60    80   0.090644   -0.000000  
UNEDF0    60    82   0.001144   -0.000000  
UNEDF0    60    84   0.099154   -0.000000  
UNEDF0    60    86   0.154754   0.061379  
UNEDF0    60    88   0.200917   0.076655  
UNEDF0    60    90   0.273990   -0.000000  
UNEDF0    60    92   0.301624   -0.000000  
UNEDF0    60    94   0.315888   -0.000000  
UNEDF0    60    96   0.323140   -0.000001  
UNEDF0    60    98   0.327066   -0.000000  
UNEDF0    60   100   0.329813   -0.000000  
UNEDF0    60   102   0.333168   0.000000  
UNEDF0    60   104   0.337579   -0.000000  
UNEDF0    60   106   0.339318   -0.000000  
UNEDF0    60   108   0.333013   -0.000000  
UNEDF0    60   110   0.319110   -0.000000  
UNEDF0    60   112   0.302049   -0.000000  
UNEDF0    60   114   0.284094   -0.000000  
UNEDF0    60   116   0.264743   -0.000000  
UNEDF0    60   118   0.169231   0.000000  
UNEDF0    60   120   0.129698   0.000000  
UNEDF0    60   122   0.092850   -0.000000  
UNEDF0    60   124   0.000000   0.000000  
UNEDF0    60   126   0.002725   -0.000000  
UNEDF0    60   128   0.054232   0.000000  
UNEDF0    60   130   0.100819   -0.000000  
UNEDF0    60   132   0.130833   0.048740  
UNEDF0    60   134   0.155317   0.066691  
UNEDF0    60   136   0.171877   0.078591  
UNEDF0    60   138   0.183930   0.079272  
UNEDF0    60   140   0.284789   0.000000  
UNEDF0    60   142   0.294281   -0.000000  
UNEDF0    62    66   0.367684   0.000000  
UNEDF0    62    68   0.355904   0.000000  
UNEDF0    62    70   0.348424   -0.000000  
UNEDF0    62    72   0.343502   -0.000000  
UNEDF0    62    74   0.330555   0.003181  
UNEDF0    62    76   0.300690   0.000000  
UNEDF0    62    78   0.159603   -0.000000  
UNEDF0    62    80   0.093643   -0.000000  
UNEDF0    62    82   0.000935   0.000000  
UNEDF0    62    84   0.098912   -0.000000  
UNEDF0    62    86   0.175627   0.000000  
UNEDF0    62    88   0.235371   0.000000  
UNEDF0    62    90   0.296408   0.000000  
UNEDF0    62    92   0.315687   -0.000000  
UNEDF0    62    94   0.325942   0.000000  
UNEDF0    62    96   0.331742   0.000000  
UNEDF0    62    98   0.335049   0.000000  
UNEDF0    62   100   0.337401   -0.000000  
UNEDF0    62   102   0.340611   -0.000001  
UNEDF0    62   104   0.345209   0.000000  
UNEDF0    62   106   0.347246   0.000000  
UNEDF0    62   108   0.343034   0.000000  
UNEDF0    62   110   0.331944   -0.000000  
UNEDF0    62   112   0.317675   -0.000000  
UNEDF0    62   114   0.302328   -0.000000  
UNEDF0    62   116   0.287722   -0.000000  
UNEDF0    62   118   0.272373   0.000000  
UNEDF0    62   120   0.137365   -0.000000  
UNEDF0    62   122   0.086703   -0.000000  
UNEDF0    62   124   -0.000000   -0.000000  
UNEDF0    62   126   -0.000205   -0.000000  
UNEDF0    62   128   0.036978   0.000000  
UNEDF0    62   130   0.086640   0.027920  
UNEDF0    62   132   0.121707   0.059748  
UNEDF0    62   134   0.156715   0.065910  
UNEDF0    62   136   0.181951   0.069153  
UNEDF0    62   138   0.280277   0.000000  
UNEDF0    62   140   0.293878   -0.000000  
UNEDF0    62   142   0.302635   -0.000000  
UNEDF0    62   144   0.309282   -0.000000  
UNEDF0    62   146   0.314329   -0.000000  
UNEDF0    62   148   0.317652   0.000000  
UNEDF0    64    70   0.351515   -0.000000  
UNEDF0    64    72   0.349419   0.004322  
UNEDF0    64    74   0.338652   0.003000  
UNEDF0    64    76   0.312880   -0.000000  
UNEDF0    64    78   0.170249   0.000000  
UNEDF0    64    80   0.096156   0.000000  
UNEDF0    64    82   0.000628   0.000000  
UNEDF0    64    84   0.099813   -0.000000  
UNEDF0    64    86   0.181671   0.000000  
UNEDF0    64    88   0.233919   0.000000  
UNEDF0    64    90   0.292298   0.000000  
UNEDF0    64    92   0.312255   0.000000  
UNEDF0    64    94   0.323294   0.000000  
UNEDF0    64    96   0.329259   0.000000  
UNEDF0    64    98   0.332498   -0.000000  
UNEDF0    64   100   0.334173   -0.000000  
UNEDF0    64   102   0.335684   -0.000000  
UNEDF0    64   104   0.338509   0.000000  
UNEDF0    64   106   0.340033   -0.000000  
UNEDF0    64   108   0.335783   -0.000000  
UNEDF0    64   110   0.325092   -0.000000  
UNEDF0    64   112   0.311745   -0.000000  
UNEDF0    64   114   0.298797   -0.000000  
UNEDF0    64   116   0.290157   0.000000  
UNEDF0    64   118   0.284793   0.000000  
UNEDF0    64   120   0.146333   0.000000  
UNEDF0    64   122   0.067990   0.000000  
UNEDF0    64   124   -0.000000   -0.000000  
UNEDF0    64   126   0.000182   -0.000000  
UNEDF0    64   128   -0.000000   0.000000  
UNEDF0    64   130   0.084764   -0.000000  
UNEDF0    64   132   0.136394   -0.000000  
UNEDF0    64   134   0.176746   0.000000  
UNEDF0    64   136   0.206287   0.000000  
UNEDF0    64   138   0.271148   0.000000  
UNEDF0    64   140   0.287027   0.000000  
UNEDF0    64   142   0.295894   -0.000000  
UNEDF0    64   144   0.301355   -0.000000  
UNEDF0    64   146   0.305057   -0.000000  
UNEDF0    64   148   0.308030   0.000001  
UNEDF0    64   150   0.310809   0.000001  
UNEDF0    64   152   0.312064   0.000649  
UNEDF0    64   154   0.312816   -0.000001  
UNEDF0    66    72   0.344012   0.003362  
UNEDF0    66    74   0.331884   0.002052  
UNEDF0    66    76   0.307054   -0.000000  
UNEDF0    66    78   -0.172165   0.000000  
UNEDF0    66    80   0.092830   -0.000000  
UNEDF0    66    82   0.000432   0.000000  
UNEDF0    66    84   -0.089672   0.000000  
UNEDF0    66    86   0.179428   0.000000  
UNEDF0    66    88   0.227579   0.000000  
UNEDF0    66    90   0.268817   -0.000000  
UNEDF0    66    92   0.298368   0.000000  
UNEDF0    66    94   0.313377   0.000000  
UNEDF0    66    96   0.321113   0.000000  
UNEDF0    66    98   0.325260   0.000000  
UNEDF0    66   100   0.327076   0.000000  
UNEDF0    66   102   0.327241   -0.000000  
UNEDF0    66   104   0.326695   -0.000000  
UNEDF0    66   106   0.324650   -0.000000  
UNEDF0    66   108   0.316692   -0.000000  
UNEDF0    66   110   0.304726   0.000370  
UNEDF0    66   112   0.294670   -0.000000  
UNEDF0    66   114   0.288160   -0.000000  
UNEDF0    66   116   0.286282   0.000000  
UNEDF0    66   118   0.285473   0.000000  
UNEDF0    66   120   -0.152475   0.000000  
UNEDF0    66   122   -0.104499   0.000000  
UNEDF0    66   124   -0.000000   -0.000000  
UNEDF0    66   126   0.000178   0.000000  
UNEDF0    66   128   -0.000000   -0.000000  
UNEDF0    66   130   0.082305   -0.000000  
UNEDF0    66   132   0.131744   -0.000000  
UNEDF0    66   134   0.174048   -0.000000  
UNEDF0    66   136   0.215090   0.000000  
UNEDF0    66   138   0.259803   0.000000  
UNEDF0    66   140   0.277659   -0.000000  
UNEDF0    66   142   0.287603   -0.000000  
UNEDF0    66   144   0.292768   -0.000000  
UNEDF0    66   146   0.295642   0.000000  
UNEDF0    66   148   0.297355   0.000000  
UNEDF0    66   150   0.298724   0.000000  
UNEDF0    66   152   0.300394   0.000000  
UNEDF0    66   154   0.301972   0.000227  
UNEDF0    66   156   0.302973   0.000000  
UNEDF0    66   158   0.302749   -0.000000  
UNEDF0    68    76   0.287617   0.000000  
UNEDF0    68    78   -0.171828   0.000000  
UNEDF0    68    80   0.090242   0.000000  
UNEDF0    68    82   0.000410   -0.000000  
UNEDF0    68    84   -0.088768   0.000000  
UNEDF0    68    86   0.171153   0.000000  
UNEDF0    68    88   0.215837   -0.000000  
UNEDF0    68    90   0.250426   0.000000  
UNEDF0    68    92   0.279751   -0.000000  
UNEDF0    68    94   0.299439   0.000000  
UNEDF0    68    96   0.310686   0.000000  
UNEDF0    68    98   0.316964   -0.000000  
UNEDF0    68   100   0.319844   0.000000  
UNEDF0    68   102   0.319765   0.000000  
UNEDF0    68   104   0.317047   -0.000000  
UNEDF0    68   106   0.311202   0.000000  
UNEDF0    68   108   0.301966   -0.000000  
UNEDF0    68   110   0.292536   -0.000000  
UNEDF0    68   112   0.284550   0.000000  
UNEDF0    68   114   0.279047   -0.000000  
UNEDF0    68   116   0.278355   0.000000  
UNEDF0    68   118   0.280390   0.000000  
UNEDF0    68   120   -0.155960   0.000000  
UNEDF0    68   122   -0.111659   0.000000  
UNEDF0    68   124   -0.000000   0.000000  
UNEDF0    68   126   -0.000179   -0.000000  
UNEDF0    68   128   -0.031687   -0.000000  
UNEDF0    68   130   0.081067   -0.000000  
UNEDF0    68   132   0.125291   -0.000000  
UNEDF0    68   134   0.163094   -0.000000  
UNEDF0    68   136   0.196725   -0.000000  
UNEDF0    68   138   0.242799   0.000000  
UNEDF0    68   140   0.264244   -0.000000  
UNEDF0    68   142   0.277324   -0.000000  
UNEDF0    68   144   0.284352   0.000000  
UNEDF0    68   146   0.287544   0.000000  
UNEDF0    68   148   0.288885   0.000000  
UNEDF0    68   150   0.289242   -0.000000  
UNEDF0    68   152   0.289738   -0.000000  
UNEDF0    68   154   0.290619   -0.000000  
UNEDF0    68   156   0.291637   0.000175  
UNEDF0    68   158   0.292209   0.000160  
UNEDF0    68   160   0.292490   0.000000  
UNEDF0    68   162   0.292159   -0.000000  
UNEDF0    70    78   -0.166193   -0.000000  
UNEDF0    70    80   0.088944   0.000000  
UNEDF0    70    82   0.000380   0.000000  
UNEDF0    70    84   0.086648   0.000000  
UNEDF0    70    86   0.159579   -0.000000  
UNEDF0    70    88   0.200415   -0.000000  
UNEDF0    70    90   0.230920   0.000000  
UNEDF0    70    92   0.257969   0.000000  
UNEDF0    70    94   0.280667   0.002450  
UNEDF0    70    96   0.296888   0.000000  
UNEDF0    70    98   0.307417   0.000000  
UNEDF0    70   100   0.312615   -0.000000  
UNEDF0    70   102   0.313062   -0.000000  
UNEDF0    70   104   0.308971   -0.000000  
UNEDF0    70   106   0.300714   -0.000000  
UNEDF0    70   108   0.290015   -0.000000  
UNEDF0    70   110   0.279837   -0.000000  
UNEDF0    70   112   0.270532   -0.000000  
UNEDF0    70   114   0.262167   0.000000  
UNEDF0    70   116   0.257899   -0.000000  
UNEDF0    70   118   -0.175480   0.000000  
UNEDF0    70   120   -0.153737   -0.000000  
UNEDF0    70   122   -0.111220   -0.000000  
UNEDF0    70   124   -0.000000   -0.000000  
UNEDF0    70   126   -0.000181   -0.000000  
UNEDF0    70   128   0.039749   0.000000  
UNEDF0    70   130   0.079950   -0.000000  
UNEDF0    70   132   0.119613   -0.000000  
UNEDF0    70   134   0.152817   -0.000000  
UNEDF0    70   136   0.179801   -0.000000  
UNEDF0    70   138   0.205008   0.000000  
UNEDF0    70   140   0.233594   -0.000000  
UNEDF0    70   142   0.256495   0.000000  
UNEDF0    70   144   0.267477   -0.000000  
UNEDF0    70   146   0.273424   0.000000  
UNEDF0    70   148   0.276699   0.000000  
UNEDF0    70   150   0.277905   0.000000  
UNEDF0    70   152   0.278140   -0.000000  
UNEDF0    70   154   0.278084   -0.000000  
UNEDF0    70   156   0.277997   -0.000000  
UNEDF0    70   158   0.277512   0.000121  
UNEDF0    70   160   0.277550   0.000000  
UNEDF0    70   162   0.276521   0.000000  
UNEDF0    70   164   0.274698   0.000000  
UNEDF0    70   166   0.274756   0.000000  
UNEDF0    72    80   0.082030   -0.000000  
UNEDF0    72    82   -0.000337   0.000000  
UNEDF0    72    84   0.081595   0.000000  
UNEDF0    72    86   0.148818   0.000000  
UNEDF0    72    88   0.182221   0.000000  
UNEDF0    72    90   0.209328   0.000000  
UNEDF0    72    92   0.233257   0.000000  
UNEDF0    72    94   0.255865   0.000000  
UNEDF0    72    96   0.275741   0.000000  
UNEDF0    72    98   0.295156   0.000000  
UNEDF0    72   100   0.304559   0.000000  
UNEDF0    72   102   0.304477   0.000000  
UNEDF0    72   104   0.297078   -0.000000  
UNEDF0    72   106   0.284610   -0.000000  
UNEDF0    72   108   0.272129   -0.000000  
UNEDF0    72   110   0.260276   0.000000  
UNEDF0    72   112   0.246902   0.000000  
UNEDF0    72   114   0.230350   0.000000  
UNEDF0    72   116   -0.181877   0.000000  
UNEDF0    72   118   -0.168868   0.000000  
UNEDF0    72   120   -0.145573   0.000000  
UNEDF0    72   122   -0.104496   0.000000  
UNEDF0    72   124   -0.000000   -0.000000  
UNEDF0    72   126   -0.000172   0.000000  
UNEDF0    72   128   0.032725   -0.000000  
UNEDF0    72   130   0.072811   -0.000000  
UNEDF0    72   132   0.111751   -0.000000  
UNEDF0    72   134   0.144546   -0.000000  
UNEDF0    72   136   0.167084   0.000000  
UNEDF0    72   138   0.187972   -0.000000  
UNEDF0    72   140   0.208224   0.000000  
UNEDF0    72   142   0.226477   0.000000  
UNEDF0    72   144   0.240509   0.000000  
UNEDF0    72   146   0.250015   0.000000  
UNEDF0    72   148   0.255851   0.000000  
UNEDF0    72   150   0.258523   0.000000  
UNEDF0    72   152   0.259328   0.000000  
UNEDF0    72   154   0.258808   0.000000  
UNEDF0    72   156   0.256992   -0.000000  
UNEDF0    72   158   0.253759   -0.000000  
UNEDF0    72   160   0.248947   0.000000  
UNEDF0    72   162   -0.196238   0.000000  
UNEDF0    72   164   -0.190254   0.000000  
UNEDF0    72   166   -0.182580   0.000000  
UNEDF0    72   168   -0.172152   0.000000  
UNEDF0    72   170   -0.158360   0.000000  
UNEDF0    72   172   -0.143915   0.000000  
UNEDF0    72   174   0.136652   -0.000000  
UNEDF0    72   176   0.107867   -0.000000  
UNEDF0    72   178   0.080040   -0.000000  
UNEDF0    72   180   0.054522   0.000000  
UNEDF0    72   182   -0.002463   0.000000  
UNEDF0    74    82   -0.000276   0.000000  
UNEDF0    74    84   0.060403   0.000000  
UNEDF0    74    86   0.120901   0.000000  
UNEDF0    74    88   0.166094   0.000000  
UNEDF0    74    90   0.185805   0.000000  
UNEDF0    74    92   0.205046   0.000000  
UNEDF0    74    94   0.225147   0.000000  
UNEDF0    74    96   0.243647   0.000000  
UNEDF0    74    98   0.270917   -0.000000  
UNEDF0    74   100   0.291027   -0.000000  
UNEDF0    74   102   0.292872   -0.000000  
UNEDF0    74   104   0.279194   -0.000000  
UNEDF0    74   106   0.261089   -0.000000  
UNEDF0    74   108   0.247774   0.000000  
UNEDF0    74   110   0.235126   0.000000  
UNEDF0    74   112   0.220221   0.000000  
UNEDF0    74   114   0.202052   -0.000000  
UNEDF0    74   116   -0.171163   -0.000000  
UNEDF0    74   118   -0.156560   0.000000  
UNEDF0    74   120   -0.131342   0.000000  
UNEDF0    74   122   -0.095084   0.000000  
UNEDF0    74   124   0.005602   -0.000000  
UNEDF0    74   126   -0.000155   -0.000000  
UNEDF0    74   128   -0.018586   0.000000  
UNEDF0    74   130   0.063110   -0.000000  
UNEDF0    74   132   0.100395   -0.000000  
UNEDF0    74   134   0.131072   -0.000000  
UNEDF0    74   136   0.153571   0.000000  
UNEDF0    74   138   0.172336   0.000000  
UNEDF0    74   140   0.189506   0.000000  
UNEDF0    74   142   0.205425   -0.000000  
UNEDF0    74   144   0.219217   0.000000  
UNEDF0    74   146   0.229627   0.000000  
UNEDF0    74   148   0.235690   -0.000000  
UNEDF0    74   150   0.238572   0.000000  
UNEDF0    74   152   0.239598   0.000000  
UNEDF0    74   154   0.238863   -0.000000  
UNEDF0    74   156   0.236363   0.000000  
UNEDF0    74   158   0.231563   0.000000  
UNEDF0    74   160   0.224488   -0.000000  
UNEDF0    74   162   -0.191796   0.000000  
UNEDF0    74   164   -0.184771   0.000000  
UNEDF0    74   166   -0.175879   0.000000  
UNEDF0    74   168   -0.163495   0.000000  
UNEDF0    74   170   -0.148882   0.000000  
UNEDF0    74   172   -0.134738   0.000000  
UNEDF0    74   174   0.123463   -0.000000  
UNEDF0    74   176   0.100134   -0.000000  
UNEDF0    74   178   0.075308   0.000000  
UNEDF0    74   180   0.049520   -0.000000  
UNEDF0    74   182   0.000000   -0.000000  
UNEDF0    74   184   -0.000166   0.000000  
UNEDF0    76    86   0.096166   -0.000000  
UNEDF0    76    88   0.133990   -0.000000  
UNEDF0    76    90   0.158781   -0.000000  
UNEDF0    76    92   0.176157   -0.000000  
UNEDF0    76    94   0.193166   -0.000000  
UNEDF0    76    96   0.211882   0.000000  
UNEDF0    76    98   0.233689   -0.000000  
UNEDF0    76   100   0.274915   -0.000000  
UNEDF0    76   102   0.278656   -0.000000  
UNEDF0    76   104   0.259881   -0.000000  
UNEDF0    76   106   -0.215345   0.001117  
UNEDF0    76   108   -0.209403   0.001092  
UNEDF0    76   110   0.207791   0.000000  
UNEDF0    76   112   0.193139   0.000000  
UNEDF0    76   114   0.175734   0.000000  
UNEDF0    76   116   -0.155573   0.000000  
UNEDF0    76   118   -0.140558   -0.000000  
UNEDF0    76   120   -0.112738   0.000000  
UNEDF0    76   122   -0.084880   0.000000  
UNEDF0    76   124   -0.000000   -0.000000  
UNEDF0    76   126   0.000135   -0.000000  
UNEDF0    76   128   -0.000000   -0.000000  
UNEDF0    76   130   0.046215   -0.000000  
UNEDF0    76   132   0.082065   -0.000000  
UNEDF0    76   134   0.112527   -0.000000  
UNEDF0    76   136   0.135454   0.000000  
UNEDF0    76   138   0.153577   -0.000000  
UNEDF0    76   140   0.169511   0.000000  
UNEDF0    76   142   0.184468   0.000000  
UNEDF0    76   144   0.203669   -0.000000  
UNEDF0    76   146   0.212446   0.000000  
UNEDF0    76   148   0.220740   0.000000  
UNEDF0    76   150   0.226779   -0.000000  
UNEDF0    76   152   0.227580   -0.000000  
UNEDF0    76   154   0.226924   0.000000  
UNEDF0    76   156   0.223115   -0.000000  
UNEDF0    76   158   0.215873   0.000000  
UNEDF0    76   160   -0.188617   0.000000  
UNEDF0    76   162   -0.182034   -0.000000  
UNEDF0    76   164   -0.174492   0.000000  
UNEDF0    76   166   -0.164948   -0.000000  
UNEDF0    76   168   -0.151999   0.000000  
UNEDF0    76   170   -0.139128   0.000000  
UNEDF0    76   172   -0.126230   -0.000000  
UNEDF0    76   174   -0.111122   0.000000  
UNEDF0    76   176   -0.092239   0.000000  
UNEDF0    76   178   0.064753   0.000000  
UNEDF0    76   180   0.038232   0.000000  
UNEDF0    76   182   -0.000000   -0.000000  
UNEDF0    76   184   -0.000130   0.000000  
UNEDF0    78    90   0.127882   0.000000  
UNEDF0    78    92   0.148255   0.000000  
UNEDF0    78    94   0.160187   -0.000000  
UNEDF0    78    96   0.176242   -0.000000  
UNEDF0    78    98   -0.181943   0.000000  
UNEDF0    78   100   -0.188059   0.000660  
UNEDF0    78   102   -0.192635   0.000777  
UNEDF0    78   104   -0.194214   0.000451  
UNEDF0    78   106   -0.191385   0.000474  
UNEDF0    78   108   -0.182828   0.000000  
UNEDF0    78   110   -0.171015   0.000000  
UNEDF0    78   112   -0.159363   0.000000  
UNEDF0    78   114   -0.149598   0.000000  
UNEDF0    78   116   -0.139102   0.000000  
UNEDF0    78   118   -0.123875   0.000000  
UNEDF0    78   120   -0.100139   0.000000  
UNEDF0    78   122   -0.073090   0.000000  
UNEDF0    78   124   -0.000000   -0.000000  
UNEDF0    78   126   0.000109   -0.000000  
UNEDF0    78   128   -0.000000   -0.000000  
UNEDF0    78   130   0.021425   -0.000000  
UNEDF0    78   132   0.044750   0.000000  
UNEDF0    78   134   0.075193   0.000000  
UNEDF0    78   136   0.107810   -0.000000  
UNEDF0    78   138   0.127221   -0.000000  
UNEDF0    78   140   0.143479   -0.000000  
UNEDF0    78   142   0.160153   0.000000  
UNEDF0    78   144   0.169676   -0.000000  
UNEDF0    78   146   -0.171012   0.000000  
UNEDF0    78   148   -0.179048   0.000000  
UNEDF0    78   150   -0.184182   -0.000000  
UNEDF0    78   152   -0.186068   0.000000  
UNEDF0    78   154   -0.185331   0.000000  
UNEDF0    78   156   -0.182624   0.000000  
UNEDF0    78   158   -0.178573   0.000000  
UNEDF0    78   160   -0.173806   0.000000  
UNEDF0    78   162   -0.168276   0.000000  
UNEDF0    78   164   -0.161324   0.000000  
UNEDF0    78   166   -0.152340   0.000000  
UNEDF0    78   168   -0.141215   0.000000  
UNEDF0    78   170   -0.130039   0.000000  
UNEDF0    78   172   -0.118104   0.000000  
UNEDF0    78   174   -0.104095   0.000000  
UNEDF0    78   176   -0.086333   0.000000  
UNEDF0    78   178   -0.061534   0.000000  
UNEDF0    78   180   -0.003741   0.000000  
UNEDF0    78   182   -0.000000   -0.000000  
UNEDF0    78   184   0.000098   -0.000000  
UNEDF0    80    92   0.100714   -0.000000  
UNEDF0    80    94   -0.104371   0.000000  
UNEDF0    80    96   -0.121993   0.000000  
UNEDF0    80    98   -0.139234   0.000000  
UNEDF0    80   100   -0.156905   0.000000  
UNEDF0    80   102   -0.168412   -0.000000  
UNEDF0    80   104   -0.170637   0.000000  
UNEDF0    80   106   -0.167083   0.000000  
UNEDF0    80   108   -0.157973   0.000000  
UNEDF0    80   110   -0.148084   0.000000  
UNEDF0    80   112   -0.138673   0.000000  
UNEDF0    80   114   -0.128512   0.000000  
UNEDF0    80   116   -0.116152   0.000000  
UNEDF0    80   118   -0.100061   0.000000  
UNEDF0    80   120   -0.077656   0.000000  
UNEDF0    80   122   -0.000000   -0.000000  
UNEDF0    80   124   -0.000000   -0.000000  
UNEDF0    80   126   -0.000082   0.000000  
UNEDF0    80   128   -0.000000   -0.000000  
UNEDF0    80   130   -0.000000   -0.000000  
UNEDF0    80   132   -0.000000   -0.000000  
UNEDF0    80   134   0.000000   -0.000000  
UNEDF0    80   136   0.000000   -0.000000  
UNEDF0    80   138   -0.068114   -0.000000  
UNEDF0    80   140   -0.091823   -0.000000  
UNEDF0    80   142   -0.114720   0.000000  
UNEDF0    80   144   -0.127823   0.000000  
UNEDF0    80   146   -0.143274   0.000000  
UNEDF0    80   148   -0.156143   0.000000  
UNEDF0    80   150   -0.164953   0.000000  
UNEDF0    80   152   -0.169250   0.000000  
UNEDF0    80   154   -0.169352   0.000000  
UNEDF0    80   156   -0.169113   0.000000  
UNEDF0    80   158   -0.167881   0.000000  
UNEDF0    80   160   -0.164643   0.000000  
UNEDF0    80   162   -0.160151   0.000000  
UNEDF0    80   164   -0.153747   0.000000  
UNEDF0    80   166   -0.144364   0.000000  
UNEDF0    80   168   -0.132144   -0.000000  
UNEDF0    80   170   -0.118288   0.000000  
UNEDF0    80   172   -0.104092   0.000000  
UNEDF0    80   174   -0.088292   0.000000  
UNEDF0    80   176   -0.068692   0.000000  
UNEDF0    80   178   0.000956   -0.000000  
UNEDF0    80   180   -0.000000   -0.000000  
UNEDF0    80   182   -0.000000   -0.000000  
UNEDF0    80   184   0.000072   -0.000000  
UNEDF0    82    96   0.000000   0.000000  
UNEDF0    82    98   0.000000   0.000000  
UNEDF0    82   100   -0.000000   0.000000  
UNEDF0    82   102   -0.000000   0.000000  
UNEDF0    82   104   -0.000000   0.000000  
UNEDF0    82   106   -0.000000   0.000000  
UNEDF0    82   108   -0.000000   0.000000  
UNEDF0    82   110   -0.000000   0.000000  
UNEDF0    82   112   -0.000000   0.000000  
UNEDF0    82   114   -0.000000   0.000000  
UNEDF0    82   116   0.000408   0.000000  
UNEDF0    82   118   0.000270   0.000000  
UNEDF0    82   120   0.000182   0.000000  
UNEDF0    82   122   0.000123   0.000000  
UNEDF0    82   124   0.000082   0.000000  
UNEDF0    82   126   -0.000063   -0.000000  
UNEDF0    82   128   -0.000000   0.000000  
UNEDF0    82   130   -0.000000   0.000000  
UNEDF0    82   132   0.000123   -0.000000  
UNEDF0    82   134   0.000157   -0.000000  
UNEDF0    82   136   0.000207   -0.000000  
UNEDF0    82   138   0.000289   -0.000000  
UNEDF0    82   140   0.000000   0.000000  
UNEDF0    82   142   0.000000   0.000000  
UNEDF0    82   144   0.000000   0.000000  
UNEDF0    82   146   0.000000   -0.000000  
UNEDF0    82   148   0.000000   0.000000  
UNEDF0    82   150   0.059915   0.000000  
UNEDF0    82   152   0.063105   -0.000000  
UNEDF0    82   154   -0.171461   -0.000000  
UNEDF0    82   156   -0.171404   -0.000000  
UNEDF0    82   158   -0.169335   -0.000000  
UNEDF0    82   160   -0.165594   -0.000000  
UNEDF0    82   162   -0.159892   -0.000000  
UNEDF0    82   164   -0.070976   -0.000000  
UNEDF0    82   166   -0.000000   0.000000  
UNEDF0    82   168   -0.000000   0.000000  
UNEDF0    82   170   -0.000000   0.000000  
UNEDF0    82   172   0.000362   0.000000  
UNEDF0    82   174   0.000233   0.000000  
UNEDF0    82   176   0.000160   0.000000  
UNEDF0    82   178   0.000114   -0.000000  
UNEDF0    82   180   0.000085   0.000000  
UNEDF0    82   182   -0.000043   -0.000000  
UNEDF0    82   184   0.000057   0.000000  
UNEDF0    84   106   -0.200798   -0.000000  
UNEDF0    84   108   -0.099588   -0.000000  
UNEDF0    84   110   -0.093005   -0.000000  
UNEDF0    84   112   -0.085131   -0.000000  
UNEDF0    84   114   -0.074566   -0.000000  
UNEDF0    84   116   -0.054744   -0.000000  
UNEDF0    84   118   -0.000000   0.000000  
UNEDF0    84   120   -0.000000   0.000000  
UNEDF0    84   122   -0.000000   0.000000  
UNEDF0    84   124   -0.000000   0.000000  
UNEDF0    84   126   -0.000077   -0.000000  
UNEDF0    84   128   -0.000000   0.000000  
UNEDF0    84   130   -0.000000   0.000000  
UNEDF0    84   132   0.000000   0.000000  
UNEDF0    84   134   0.044843   0.075338  
UNEDF0    84   136   0.082807   0.094634  
UNEDF0    84   138   0.101298   0.101776  
UNEDF0    84   140   0.114231   0.103003  
UNEDF0    84   142   0.126115   0.097285  
UNEDF0    84   144   0.141494   0.087665  
UNEDF0    84   146   0.189805   0.000000  
UNEDF0    84   148   0.207195   0.000001  
UNEDF0    84   150   0.213225   0.000000  
UNEDF0    84   152   0.213115   -0.000000  
UNEDF0    84   154   0.206566   0.000000  
UNEDF0    84   156   -0.189620   -0.000000  
UNEDF0    84   158   -0.186871   -0.000000  
UNEDF0    84   160   -0.182673   -0.000000  
UNEDF0    84   162   -0.176983   -0.000000  
UNEDF0    84   164   -0.168921   -0.000000  
UNEDF0    84   166   -0.102355   0.000000  
UNEDF0    84   168   -0.097435   -0.000000  
UNEDF0    84   170   -0.078723   -0.000000  
UNEDF0    84   172   -0.063038   -0.000000  
UNEDF0    84   174   -0.045304   -0.000000  
UNEDF0    84   176   -0.000000   0.000000  
UNEDF0    84   178   -0.000000   0.000000  
UNEDF0    84   180   -0.000000   0.000000  
UNEDF0    84   182   -0.000085   -0.000000  
UNEDF0    84   184   0.000006   0.000134  
UNEDF0    84   186   0.000007   0.000145  
UNEDF0    86   108   -0.212971   -0.000000  
UNEDF0    86   110   0.166431   -0.000000  
UNEDF0    86   112   0.149499   -0.000000  
UNEDF0    86   114   -0.122174   -0.000000  
UNEDF0    86   116   -0.103973   -0.000000  
UNEDF0    86   118   -0.083763   -0.000000  
UNEDF0    86   120   -0.057040   -0.000000  
UNEDF0    86   122   -0.000000   0.000000  
UNEDF0    86   124   -0.000000   0.000000  
UNEDF0    86   126   -0.000101   -0.000000  
UNEDF0    86   128   0.000000   0.000000  
UNEDF0    86   130   0.051425   0.077970  
UNEDF0    86   132   0.087222   0.108693  
UNEDF0    86   134   0.114190   0.126885  
UNEDF0    86   136   0.134472   0.143912  
UNEDF0    86   138   0.150716   0.151937  
UNEDF0    86   140   0.164345   0.152489  
UNEDF0    86   142   0.180200   0.141938  
UNEDF0    86   144   0.202093   0.114975  
UNEDF0    86   146   0.224217   0.077961  
UNEDF0    86   148   0.233417   0.059294  
UNEDF0    86   150   0.232827   0.000000  
UNEDF0    86   152   0.233281   0.000000  
UNEDF0    86   154   0.228377   0.000000  
UNEDF0    86   156   0.218403   -0.000000  
UNEDF0    86   158   0.201670   -0.000000  
UNEDF0    86   160   0.183650   -0.000000  
UNEDF0    86   162   -0.189495   -0.000000  
UNEDF0    86   164   -0.181642   -0.000000  
UNEDF0    86   166   -0.170470   -0.000000  
UNEDF0    86   168   -0.123326   -0.000000  
UNEDF0    86   170   -0.108747   -0.000000  
UNEDF0    86   172   -0.093112   0.000000  
UNEDF0    86   174   -0.076226   -0.000000  
UNEDF0    86   176   -0.056594   -0.000000  
UNEDF0    86   178   -0.000000   0.000000  
UNEDF0    86   180   -0.000000   0.000000  
UNEDF0    86   182   0.000112   0.000000  
UNEDF0    86   184   -0.000089   -0.000000  
UNEDF0    86   186   0.000102   -0.000000  
UNEDF0    86   188   -0.000000   0.000000  
UNEDF0    88   110   0.203545   0.000000  
UNEDF0    88   112   0.183195   -0.000000  
UNEDF0    88   114   0.150879   -0.000000  
UNEDF0    88   116   -0.132316   -0.000000  
UNEDF0    88   118   -0.111543   -0.000000  
UNEDF0    88   120   -0.086232   -0.000000  
UNEDF0    88   122   -0.048077   -0.000000  
UNEDF0    88   124   -0.000000   0.000000  
UNEDF0    88   126   -0.000124   -0.000000  
UNEDF0    88   128   0.000000   -0.000000  
UNEDF0    88   130   0.079785   0.107089  
UNEDF0    88   132   0.114628   0.136736  
UNEDF0    88   134   0.143765   0.155952  
UNEDF0    88   136   0.164490   0.168299  
UNEDF0    88   138   0.180578   0.173904  
UNEDF0    88   140   0.195994   0.171379  
UNEDF0    88   142   0.213133   0.157393  
UNEDF0    88   144   0.229494   0.133719  
UNEDF0    88   146   0.241492   0.108640  
UNEDF0    88   148   0.250259   0.076045  
UNEDF0    88   150   0.252432   0.057296  
UNEDF0    88   152   0.249278   0.010217  
UNEDF0    88   154   0.244345   -0.000002  
UNEDF0    88   156   0.236126   0.000000  
UNEDF0    88   158   0.223134   -0.000000  
UNEDF0    88   160   0.206798   -0.000000  
UNEDF0    88   162   0.190183   0.000000  
UNEDF0    88   164   0.174064   0.000000  
UNEDF0    88   166   0.157644   0.000000  
UNEDF0    88   168   -0.147927   -0.000000  
UNEDF0    88   170   -0.128328   -0.000000  
UNEDF0    88   172   -0.112166   -0.000000  
UNEDF0    88   174   -0.095351   -0.000000  
UNEDF0    88   176   -0.075405   -0.000000  
UNEDF0    88   178   -0.049970   -0.000000  
UNEDF0    88   180   -0.000000   0.000000  
UNEDF0    88   182   0.000138   0.000000  
UNEDF0    88   184   -0.000100   -0.000000  
UNEDF0    88   186   0.000117   -0.000000  
UNEDF0    88   188   -0.000000   -0.000000  
UNEDF0    88   190   0.075546   0.071324  
UNEDF0    88   192   0.104625   0.101940  
UNEDF0    88   194   0.126366   0.121922  
UNEDF0    88   196   0.141927   0.134805  
UNEDF0    88   198   0.154221   0.142832  
UNEDF0    88   200   0.164817   0.146347  
UNEDF0    88   202   0.175007   0.144839  
UNEDF0    88   204   0.185857   0.137867  
UNEDF0    88   206   0.196836   0.126810  
UNEDF0    88   208   0.206259   0.114127  
UNEDF0    90   114   0.182018   -0.000000  
UNEDF0    90   116   0.149846   -0.000000  
UNEDF0    90   118   -0.130949   -0.000000  
UNEDF0    90   120   -0.104863   -0.000000  
UNEDF0    90   122   -0.072402   -0.000000  
UNEDF0    90   124   0.000000   0.000000  
UNEDF0    90   126   0.000147   -0.000000  
UNEDF0    90   128   0.000000   0.000000  
UNEDF0    90   130   0.096594   0.123551  
UNEDF0    90   132   0.133982   0.151945  
UNEDF0    90   134   0.163710   0.170087  
UNEDF0    90   136   0.185153   0.181309  
UNEDF0    90   138   0.202710   0.185250  
UNEDF0    90   140   0.219658   0.180508  
UNEDF0    90   142   0.235981   0.164862  
UNEDF0    90   144   0.249277   0.140808  
UNEDF0    90   146   0.258277   0.110653  
UNEDF0    90   148   0.263735   0.080373  
UNEDF0    90   150   0.263891   0.048273  
UNEDF0    90   152   0.261809   -0.000000  
UNEDF0    90   154   0.258580   0.000001  
UNEDF0    90   156   0.251986   -0.000000  
UNEDF0    90   158   0.241368   0.000000  
UNEDF0    90   160   0.226289   -0.000000  
UNEDF0    90   162   0.209692   0.000000  
UNEDF0    90   164   0.193306   0.000000  
UNEDF0    90   166   0.176887   0.000000  
UNEDF0    90   168   0.159380   -0.000000  
UNEDF0    90   170   -0.142163   0.000000  
UNEDF0    90   172   -0.125788   -0.000000  
UNEDF0    90   174   -0.108986   -0.000000  
UNEDF0    90   176   -0.088979   -0.000000  
UNEDF0    90   178   -0.062931   -0.000000  
UNEDF0    90   180   -0.000000   0.000000  
UNEDF0    90   182   0.000160   -0.000000  
UNEDF0    90   184   0.000110   -0.000000  
UNEDF0    90   186   0.000129   -0.000000  
UNEDF0    90   188   -0.000000   -0.000000  
UNEDF0    90   190   0.090332   0.094957  
UNEDF0    90   192   0.119684   0.122208  
UNEDF0    90   194   0.141024   0.138324  
UNEDF0    90   196   0.157012   0.149397  
UNEDF0    90   198   0.170068   0.156210  
UNEDF0    90   200   0.181773   0.158737  
UNEDF0    90   202   0.193354   0.156596  
UNEDF0    90   204   0.205188   0.149983  
UNEDF0    90   206   0.216098   0.140171  
UNEDF0    90   208   0.224874   0.128928  
UNEDF0    90   210   0.231489   0.117224  
UNEDF0    90   212   0.236402   0.105435  
UNEDF0    92   120   -0.119319   -0.000000  
UNEDF0    92   122   -0.085695   0.000000  
UNEDF0    92   124   0.000000   0.000000  
UNEDF0    92   126   0.000168   0.000000  
UNEDF0    92   128   0.051597   0.092264  
UNEDF0    92   130   0.106230   0.133356  
UNEDF0    92   132   0.146646   0.161807  
UNEDF0    92   134   0.178076   0.178674  
UNEDF0    92   136   0.201079   0.187793  
UNEDF0    92   138   0.220723   0.189167  
UNEDF0    92   140   0.238943   0.181093  
UNEDF0    92   142   0.254059   0.162807  
UNEDF0    92   144   0.264822   0.139145  
UNEDF0    92   146   0.271792   0.117100  
UNEDF0    92   148   0.274179   0.079943  
UNEDF0    92   150   0.273196   0.025858  
UNEDF0    92   152   0.272096   0.000000  
UNEDF0    92   154   0.269217   0.000000  
UNEDF0    92   156   0.264872   -0.000000  
UNEDF0    92   158   0.257652   0.000000  
UNEDF0    92   160   0.245889   -0.000000  
UNEDF0    92   162   0.228522   0.000000  
UNEDF0    92   164   0.211065   -0.000000  
UNEDF0    92   166   0.193760   0.000000  
UNEDF0    92   168   0.175567   -0.000000  
UNEDF0    92   170   0.156229   -0.000000  
UNEDF0    92   172   -0.136014   -0.000000  
UNEDF0    92   174   -0.119241   0.000000  
UNEDF0    92   176   -0.099363   -0.000000  
UNEDF0    92   178   -0.073331   -0.000000  
UNEDF0    92   180   -0.000000   0.000000  
UNEDF0    92   182   0.000179   -0.000000  
UNEDF0    92   184   0.000118   0.000000  
UNEDF0    92   186   0.000138   -0.000000  
UNEDF0    92   188   0.056424   0.081162  
UNEDF0    92   190   0.094695   0.109805  
UNEDF0    92   192   0.126340   0.133542  
UNEDF0    92   194   0.149598   0.148613  
UNEDF0    92   196   0.167079   0.158625  
UNEDF0    92   198   0.181597   0.164060  
UNEDF0    92   200   0.195060   0.164738  
UNEDF0    92   202   0.208569   0.160288  
UNEDF0    92   204   0.221397   0.151515  
UNEDF0    92   206   0.231831   0.141012  
UNEDF0    92   208   0.239627   0.130380  
UNEDF0    92   210   0.245435   0.119637  
UNEDF0    92   212   0.249841   0.108541  
UNEDF0    92   214   0.253238   0.097373  
UNEDF0    92   216   0.255829   0.086749  
UNEDF0    94   124   0.000000   0.000000  
UNEDF0    94   126   -0.000186   -0.000000  
UNEDF0    94   128   0.055332   0.098566  
UNEDF0    94   130   0.110060   0.139179  
UNEDF0    94   132   0.154691   0.168088  
UNEDF0    94   134   0.189278   0.182243  
UNEDF0    94   136   0.214503   0.188181  
UNEDF0    94   138   0.235875   0.185594  
UNEDF0    94   140   0.253702   0.172956  
UNEDF0    94   142   0.266484   0.151510  
UNEDF0    94   144   0.274985   0.129011  
UNEDF0    94   146   0.280159   0.108673  
UNEDF0    94   148   0.279382   0.048311  
UNEDF0    94   150   0.279057   0.000000  
UNEDF0    94   152   0.278584   0.000000  
UNEDF0    94   154   0.276578   -0.000000  
UNEDF0    94   156   0.273564   -0.000000  
UNEDF0    94   158   0.269306   0.000000  
UNEDF0    94   160   0.263426   -0.000000  
UNEDF0    94   162   0.249214   -0.000000  
UNEDF0    94   164   0.229668   -0.000000  
UNEDF0    94   166   0.210897   -0.000000  
UNEDF0    94   168   0.191329   0.000000  
UNEDF0    94   170   0.170417   0.000000  
UNEDF0    94   172   0.147066   0.000000  
UNEDF0    94   174   -0.127083   -0.000000  
UNEDF0    94   176   -0.107400   -0.000000  
UNEDF0    94   178   -0.081624   -0.000000  
UNEDF0    94   180   -0.042111   0.000000  
UNEDF0    94   182   0.000196   -0.000000  
UNEDF0    94   184   0.000124   0.000000  
UNEDF0    94   186   -0.000145   -0.000000  
UNEDF0    94   188   0.055230   0.090961  
UNEDF0    94   190   0.092048   0.119097  
UNEDF0    94   192   0.127416   0.141261  
UNEDF0    94   194   0.154083   0.155583  
UNEDF0    94   196   0.173899   0.163895  
UNEDF0    94   198   0.190412   0.166764  
UNEDF0    94   200   0.205843   0.164263  
UNEDF0    94   202   0.220859   0.153407  
UNEDF0    94   204   0.233071   0.139775  
UNEDF0    94   206   0.241821   0.126911  
UNEDF0    94   208   0.248110   0.115580  
UNEDF0    94   210   0.252813   0.104656  
UNEDF0    94   212   0.256470   0.093709  
UNEDF0    94   214   0.259353   0.083070  
UNEDF0    94   216   0.261879   0.073791  
UNEDF0    94   218   0.263762   0.065618  
UNEDF0    94   220   0.264923   0.057943  
UNEDF0    96   128   0.050602   0.097085  
UNEDF0    96   130   0.108283   0.141996  
UNEDF0    96   132   0.158758   0.170721  
UNEDF0    96   134   0.198533   0.181241  
UNEDF0    96   136   0.226586   0.182322  
UNEDF0    96   138   0.248177   0.173842  
UNEDF0    96   140   0.263680   0.154904  
UNEDF0    96   142   0.271673   0.087962  
UNEDF0    96   144   0.276354   0.014007  
UNEDF0    96   146   0.280469   -0.000000  
UNEDF0    96   148   0.282744   -0.000000  
UNEDF0    96   150   0.283379   0.000000  
UNEDF0    96   152   0.282519   -0.000000  
UNEDF0    96   154   0.280587   0.000000  
UNEDF0    96   156   0.278136   -0.000000  
UNEDF0    96   158   0.274884   -0.000000  
UNEDF0    96   160   0.271129   -0.000000  
UNEDF0    96   162   0.264985   0.000000  
UNEDF0    96   164   0.257905   -0.000000  
UNEDF0    96   166   0.239183   0.000000  
UNEDF0    96   168   0.210283   0.000000  
UNEDF0    96   170   0.184747   0.000000  
UNEDF0    96   172   0.158658   0.000000  
UNEDF0    96   174   -0.133202   0.000000  
UNEDF0    96   176   -0.113644   0.000000  
UNEDF0    96   178   -0.088130   -0.000000  
UNEDF0    96   180   -0.052663   -0.000000  
UNEDF0    96   182   0.000212   -0.000000  
UNEDF0    96   184   -0.000128   0.000000  
UNEDF0    96   186   0.015144   0.060442  
UNEDF0    96   188   0.049935   0.096538  
UNEDF0    96   190   0.085058   0.124267  
UNEDF0    96   192   0.124014   0.146936  
UNEDF0    96   194   0.154662   0.160267  
UNEDF0    96   196   0.177358   0.166029  
UNEDF0    96   198   0.196531   0.165319  
UNEDF0    96   200   0.214861   0.152191  
UNEDF0    96   202   0.230554   0.119413  
UNEDF0    96   204   0.239714   0.057511  
UNEDF0    96   206   0.245430   0.057974  
UNEDF0    96   208   0.249971   0.050837  
UNEDF0    96   210   0.252982   0.008200  
UNEDF0    96   212   0.256233   0.000000  
UNEDF0    96   214   0.259091   -0.000000  
UNEDF0    96   216   0.261523   -0.000000  
UNEDF0    96   218   0.263482   -0.000000  
UNEDF0    96   220   0.264930   0.000000  
UNEDF0    96   222   0.265886   -0.000000  
UNEDF0    96   224   0.266471   -0.000000  
UNEDF0    96   226   0.266861   -0.000000  
UNEDF0    98   130   0.100535   0.143424  
UNEDF0    98   132   0.159348   0.170166  
UNEDF0    98   134   0.205644   0.176855  
UNEDF0    98   136   0.237079   0.169747  
UNEDF0    98   138   0.257587   0.155743  
UNEDF0    98   140   0.268816   0.046201  
UNEDF0    98   142   0.275079   0.000000  
UNEDF0    98   144   0.280419   -0.000000  
UNEDF0    98   146   0.284246   -0.000000  
UNEDF0    98   148   0.286054   -0.000000  
UNEDF0    98   150   0.286097   -0.000000  
UNEDF0    98   152   0.285073   -0.000000  
UNEDF0    98   154   0.283301   0.000000  
UNEDF0    98   156   0.281040   -0.000000  
UNEDF0    98   158   0.278321   -0.000000  
UNEDF0    98   160   0.275371   0.000000  
UNEDF0    98   162   0.272256   0.000000  
UNEDF0    98   164   0.269232   -0.000000  
UNEDF0    98   166   0.265390   0.000000  
UNEDF0    98   168   0.260546   0.000000  
UNEDF0    98   170   0.255690   -0.000000  
UNEDF0    98   172   0.167739   0.000000  
UNEDF0    98   174   -0.137955   0.000000  
UNEDF0    98   176   -0.118356   -0.000000  
UNEDF0    98   178   -0.093026   0.000000  
UNEDF0    98   180   -0.058147   -0.000000  
UNEDF0    98   182   -0.000229   -0.000000  
UNEDF0    98   184   0.000545   0.017201  
UNEDF0    98   186   0.015728   0.068441  
UNEDF0    98   188   0.042267   0.098814  
UNEDF0    98   190   0.075835   0.126859  
UNEDF0    98   192   0.117535   0.150990  
UNEDF0    98   194   0.151650   0.163302  
UNEDF0    98   196   0.177512   0.166564  
UNEDF0    98   198   0.201751   0.155266  
UNEDF0    98   200   0.232537   0.008422  
UNEDF0    98   202   0.238978   0.006026  
UNEDF0    98   204   0.244109   0.005272  
UNEDF0    98   206   0.248398   0.000000  
UNEDF0    98   208   0.252177   -0.000000  
UNEDF0    98   210   0.255437   -0.000000  
UNEDF0    98   212   0.258241   -0.000000  
UNEDF0    98   214   0.260628   -0.000000  
UNEDF0    98   216   0.262606   0.000000  
UNEDF0    98   218   0.264158   0.000000  
UNEDF0    98   220   0.265306   -0.000000  
UNEDF0    98   222   0.266154   -0.000000  
UNEDF0    98   224   0.266937   -0.000000  
UNEDF0    98   226   0.267934   -0.000000  
UNEDF0    98   228   0.269301   0.000000  
UNEDF0    98   230   0.270845   0.000000  
UNEDF0    98   232   0.272203   -0.000000  
UNEDF0   100   134   0.213008   0.163460  
UNEDF0   100   136   0.245420   0.154414  
UNEDF0   100   138   0.267010   0.105405  
UNEDF0   100   140   0.273755   0.013721  
UNEDF0   100   142   0.278919   -0.000000  
UNEDF0   100   144   0.283261   -0.000000  
UNEDF0   100   146   0.286407   0.000000  
UNEDF0   100   148   0.287642   -0.000000  
UNEDF0   100   150   0.287551   -0.000000  
UNEDF0   100   152   0.286361   -0.000000  
UNEDF0   100   154   0.284384   -0.000000  
UNEDF0   100   156   0.281745   -0.000000  
UNEDF0   100   158   0.278513   0.000000  
UNEDF0   100   160   0.274876   0.000000  
UNEDF0   100   162   0.271243   -0.000000  
UNEDF0   100   164   0.268249   0.000000  
UNEDF0   100   166   0.266371   0.000000  
UNEDF0   100   168   0.266574   0.000000  
UNEDF0   100   170   0.270803   0.000000  
UNEDF0   100   172   0.278382   -0.000000  
UNEDF0   100   174   -0.141538   0.000000  
UNEDF0   100   176   -0.121757   -0.000000  
UNEDF0   100   178   -0.096511   0.000000  
UNEDF0   100   180   -0.062147   -0.000000  
UNEDF0   100   182   0.000324   0.015639  
UNEDF0   100   184   0.003038   0.043001  
UNEDF0   100   186   0.010226   0.067788  
UNEDF0   100   188   0.031588   0.098558  
UNEDF0   100   190   0.065472   0.127089  
UNEDF0   100   192   0.108878   0.152867  
UNEDF0   100   194   0.146413   0.164210  
UNEDF0   100   196   0.176914   0.161560  
UNEDF0   100   198   0.230000   0.007874  
UNEDF0   100   200   0.237184   0.006954  
UNEDF0   100   202   0.242414   -0.000000  
UNEDF0   100   204   0.246650   -0.000000  
UNEDF0   100   206   0.250225   0.000000  
UNEDF0   100   208   0.253426   -0.000000  
UNEDF0   100   210   0.256301   0.003233  
UNEDF0   100   212   0.258574   -0.000000  
UNEDF0   100   214   0.260413   0.000000  
UNEDF0   100   216   0.261701   0.000000  
UNEDF0   100   218   0.262428   -0.000000  
UNEDF0   100   220   0.262663   -0.000000  
UNEDF0   100   222   0.262621   0.000000  
UNEDF0   100   224   0.262681   0.000000  
UNEDF0   100   226   0.263331   -0.000000  
UNEDF0   100   228   0.264997   0.000000  
UNEDF0   100   230   0.267546   0.000000  
UNEDF0   100   232   0.270414   -0.000000  
UNEDF0   100   234   0.272709   -0.000000  
UNEDF0   100   236   0.273349   0.000000  
UNEDF0   102   138   0.274432   0.077718  
UNEDF0   102   140   0.277341   0.038048  
UNEDF0   102   142   0.280449   -0.000000  
UNEDF0   102   144   0.283803   0.000000  
UNEDF0   102   146   0.286074   -0.000000  
UNEDF0   102   148   0.286979   0.000000  
UNEDF0   102   150   0.286633   -0.000000  
UNEDF0   102   152   0.285267   -0.000000  
UNEDF0   102   154   0.282991   -0.000000  
UNEDF0   102   156   0.279725   -0.000000  
UNEDF0   102   158   0.275435   -0.000000  
UNEDF0   102   160   0.270296   -0.000000  
UNEDF0   102   162   0.264259   -0.000000  
UNEDF0   102   164   0.257292   0.000000  
UNEDF0   102   166   0.250248   0.000000  
UNEDF0   102   168   0.226463   0.000000  
UNEDF0   102   170   0.204331   -0.000000  
UNEDF0   102   172   0.180272   0.000000  
UNEDF0   102   174   0.153308   0.000000  
UNEDF0   102   176   -0.123879   0.000000  
UNEDF0   102   178   -0.098563   0.000000  
UNEDF0   102   180   -0.064594   0.000000  
UNEDF0   102   182   0.000096   0.015315  
UNEDF0   102   184   0.001469   0.039453  
UNEDF0   102   186   0.005600   0.065139  
UNEDF0   102   188   0.021650   0.096000  
UNEDF0   102   190   0.055136   0.124948  
UNEDF0   102   192   0.099402   0.152111  
UNEDF0   102   194   0.140069   0.162187  
UNEDF0   102   196   0.173378   0.155814  
UNEDF0   102   198   0.232044   0.006876  
UNEDF0   102   200   0.238224   0.006281  
UNEDF0   102   202   0.243062   0.000000  
UNEDF0   102   204   0.246754   0.000000  
UNEDF0   102   206   0.249890   -0.000000  
UNEDF0   102   208   0.252585   -0.000000  
UNEDF0   102   210   0.254932   0.000000  
UNEDF0   102   212   0.256821   -0.000000  
UNEDF0   102   214   0.258094   0.000000  
UNEDF0   102   216   0.258626   -0.000000  
UNEDF0   102   218   0.258387   -0.000000  
UNEDF0   102   220   0.257474   -0.000000  
UNEDF0   102   222   0.256132   -0.000000  
UNEDF0   102   224   0.254442   -0.000000  
UNEDF0   102   226   0.252844   0.000000  
UNEDF0   102   228   0.251644   -0.000000  
UNEDF0   102   230   0.252530   -0.000000  
UNEDF0   102   232   0.256155   0.000000  
UNEDF0   102   234   0.258297   -0.000000  
UNEDF0   102   236   0.258359   -0.000000  
UNEDF0   102   238   0.213983   -0.000000  
UNEDF0   102   240   0.196833   -0.000000  
UNEDF0   104   142   0.278654   -0.000000  
UNEDF0   104   144   0.281676   0.000000  
UNEDF0   104   146   0.283181   -0.000000  
UNEDF0   104   148   0.283693   -0.000001  
UNEDF0   104   150   0.283147   -0.000000  
UNEDF0   104   152   0.281667   -0.000000  
UNEDF0   104   154   0.279185   0.000000  
UNEDF0   104   156   0.275459   -0.000000  
UNEDF0   104   158   0.270376   0.000000  
UNEDF0   104   160   0.264179   -0.000000  
UNEDF0   104   162   0.257016   0.000000  
UNEDF0   104   164   0.248532   -0.000000  
UNEDF0   104   166   0.237501   -0.000000  
UNEDF0   104   168   0.222939   0.000000  
UNEDF0   104   170   0.205461   -0.000000  
UNEDF0   104   172   0.184252   -0.000000  
UNEDF0   104   174   0.158863   0.000000  
UNEDF0   104   176   -0.124700   0.000000  
UNEDF0   104   178   -0.099285   0.000000  
UNEDF0   104   180   -0.065563   0.000000  
UNEDF0   104   182   0.000250   -0.000000  
UNEDF0   104   184   0.000018   0.025047  
UNEDF0   104   186   0.002131   0.058078  
UNEDF0   104   188   0.013552   0.089456  
UNEDF0   104   190   0.045109   0.119989  
UNEDF0   104   192   0.089564   0.148230  
UNEDF0   104   194   0.133080   0.156754  
UNEDF0   104   196   0.170196   0.144681  
UNEDF0   104   198   0.234957   0.000000  
UNEDF0   104   200   0.237766   0.000000  
UNEDF0   104   202   0.241323   0.000000  
UNEDF0   104   204   0.244691   0.000001  
UNEDF0   104   206   0.247573   -0.000000  
UNEDF0   104   208   0.250033   -0.000000  
UNEDF0   104   210   0.252031   -0.000000  
UNEDF0   104   212   0.253532   -0.000000  
UNEDF0   104   214   0.254374   -0.000000  
UNEDF0   104   216   0.254395   -0.000000  
UNEDF0   104   218   0.253568   -0.000000  
UNEDF0   104   220   0.251993   -0.000000  
UNEDF0   104   222   0.249892   -0.000000  
UNEDF0   104   224   0.247504   -0.000000  
UNEDF0   104   226   0.244891   -0.000000  
UNEDF0   104   228   0.242099   -0.000000  
UNEDF0   104   230   0.238923   -0.000000  
UNEDF0   104   232   0.234789   -0.000000  
UNEDF0   104   234   0.228682   -0.000000  
UNEDF0   104   236   0.219806   0.000000  
UNEDF0   104   238   0.208758   0.000000  
UNEDF0   104   240   0.195876   -0.000000  
UNEDF0   104   242   0.179850   -0.000000  
UNEDF0   104   244   0.162732   -0.000000  
UNEDF0   104   246   -0.118655   0.000000  
UNEDF0   104   248   -0.101462   0.000000  
UNEDF0   104   250   -0.080942   0.000000  
UNEDF0   104   252   -0.055379   0.000000  
UNEDF0   104   254   -0.007753   0.029153  
UNEDF0   104   256   -0.000695   0.029628  
UNEDF0   104   258   -0.000610   0.030918  
UNEDF0   106   146   0.278650   0.000000  
UNEDF0   106   148   0.278919   -0.000000  
UNEDF0   106   150   0.278206   -0.000000  
UNEDF0   106   152   0.276614   0.000000  
UNEDF0   106   154   0.273993   -0.000000  
UNEDF0   106   156   0.270127   0.001346  
UNEDF0   106   158   0.264722   0.000000  
UNEDF0   106   160   0.258231   0.000000  
UNEDF0   106   162   0.250881   0.000000  
UNEDF0   106   164   0.242554   0.000000  
UNEDF0   106   166   0.232788   0.000000  
UNEDF0   106   168   0.220548   0.000000  
UNEDF0   106   170   0.205682   -0.000000  
UNEDF0   106   172   0.186943   -0.000000  
UNEDF0   106   174   0.163117   -0.000000  
UNEDF0   106   176   -0.124095   0.000000  
UNEDF0   106   178   -0.098531   -0.000000  
UNEDF0   106   180   -0.064810   0.000000  
UNEDF0   106   182   0.000241   0.000000  
UNEDF0   106   184   0.000139   -0.000000  
UNEDF0   106   186   0.000624   0.050500  
UNEDF0   106   188   0.007209   0.077273  
UNEDF0   106   190   0.035913   0.110923  
UNEDF0   106   192   0.081452   0.139935  
UNEDF0   106   194   0.126338   0.146555  
UNEDF0   106   196   0.166377   0.126108  
UNEDF0   106   198   0.225413   0.000000  
UNEDF0   106   200   0.234478   -0.000000  
UNEDF0   106   202   0.238563   -0.000000  
UNEDF0   106   204   0.240711   -0.000000  
UNEDF0   106   206   0.243617   0.000003  
UNEDF0   106   208   0.246088   -0.000000  
UNEDF0   106   210   0.247957   0.000000  
UNEDF0   106   212   0.249299   -0.000000  
UNEDF0   106   214   0.249940   -0.000000  
UNEDF0   106   216   0.249754   -0.000000  
UNEDF0   106   218   0.248787   0.001995  
UNEDF0   106   220   0.247009   0.001546  
UNEDF0   106   222   0.244652   0.000361  
UNEDF0   106   224   0.241888   0.001148  
UNEDF0   106   226   0.238800   0.000859  
UNEDF0   106   228   0.235317   -0.000000  
UNEDF0   106   230   0.231476   0.000000  
UNEDF0   106   232   0.226841   -0.000000  
UNEDF0   106   234   0.221015   0.000231  
UNEDF0   106   236   0.213758   -0.000000  
UNEDF0   106   238   0.204803   -0.000000  
UNEDF0   106   240   0.194049   -0.000000  
UNEDF0   106   242   0.183093   -0.000000  
UNEDF0   106   244   0.168439   -0.000000  
UNEDF0   106   246   -0.118281   0.000000  
UNEDF0   106   248   -0.100781   0.000000  
UNEDF0   106   250   -0.080442   0.000000  
UNEDF0   106   252   -0.055144   0.000000  
UNEDF0   106   254   0.000288   0.000000  
UNEDF0   106   256   -0.000143   -0.000091  
UNEDF0   106   258   0.000107   0.000026  
UNEDF0   108   150   0.273118   -0.000000  
UNEDF0   108   152   0.271228   0.000000  
UNEDF0   108   154   0.268274   -0.000000  
UNEDF0   108   156   0.264066   -0.000000  
UNEDF0   108   158   0.258600   0.000000  
UNEDF0   108   160   0.252104   0.000000  
UNEDF0   108   162   0.244887   0.000000  
UNEDF0   108   164   0.236580   -0.000000  
UNEDF0   108   166   0.226912   -0.000000  
UNEDF0   108   168   0.215847   -0.000000  
UNEDF0   108   170   0.202862   -0.000000  
UNEDF0   108   172   0.186455   0.000000  
UNEDF0   108   174   0.162933   0.000000  
UNEDF0   108   176   -0.122036   0.000000  
UNEDF0   108   178   -0.096366   0.000000  
UNEDF0   108   180   -0.062448   0.000000  
UNEDF0   108   182   0.000226   -0.000000  
UNEDF0   108   184   0.000135   0.000000  
UNEDF0   108   186   0.000154   -0.000000  
UNEDF0   108   188   0.001657   0.056449  
UNEDF0   108   190   0.029790   0.094212  
UNEDF0   108   192   0.064118   0.128388  
UNEDF0   108   194   0.122795   0.126206  
UNEDF0   108   196   0.159419   0.102088  
UNEDF0   108   198   0.195993   0.000000  
UNEDF0   108   200   0.211611   -0.000000  
UNEDF0   108   202   0.223103   -0.000000  
UNEDF0   108   204   0.230290   -0.000000  
UNEDF0   108   206   0.235157   -0.000000  
UNEDF0   108   208   0.238685   -0.000000  
UNEDF0   108   210   0.241271   -0.000000  
UNEDF0   108   212   0.243009   -0.000000  
UNEDF0   108   214   0.243857   -0.000000  
UNEDF0   108   216   0.243837   0.001861  
UNEDF0   108   218   0.242840   0.001361  
UNEDF0   108   220   0.241057   0.000993  
UNEDF0   108   222   0.238641   0.000304  
UNEDF0   108   224   0.235678   -0.000000  
UNEDF0   108   226   0.232305   0.000000  
UNEDF0   108   228   0.228442   -0.000000  
UNEDF0   108   230   0.223999   -0.000000  
UNEDF0   108   232   0.218874   -0.000000  
UNEDF0   108   234   0.212993   -0.000000  
UNEDF0   108   236   0.206302   -0.000000  
UNEDF0   108   238   0.198689   -0.000000  
UNEDF0   108   240   0.189790   0.000000  
UNEDF0   108   242   0.178809   0.000000  
UNEDF0   108   244   0.158472   0.000000  
UNEDF0   108   246   -0.116104   0.000000  
UNEDF0   108   248   -0.098417   -0.000000  
UNEDF0   108   250   -0.077788   0.000000  
UNEDF0   108   252   -0.052220   0.000000  
UNEDF0   108   254   0.000257   -0.000009  
UNEDF0   108   256   0.000131   0.000082  
UNEDF0   108   258   0.000102   0.000000  
UNEDF0   110   154   0.262080   -0.000000  
UNEDF0   110   156   0.257250   0.000000  
UNEDF0   110   158   0.251514   0.000000  
UNEDF0   110   160   0.245147   0.000000  
UNEDF0   110   162   0.237853   0.000000  
UNEDF0   110   164   0.229400   -0.000000  
UNEDF0   110   166   0.219836   0.000000  
UNEDF0   110   168   0.208691   0.000000  
UNEDF0   110   170   0.195435   0.000000  
UNEDF0   110   172   0.177837   0.000000  
UNEDF0   110   174   -0.139253   0.000000  
UNEDF0   110   176   -0.118621   0.000000  
UNEDF0   110   178   -0.092970   0.000000  
UNEDF0   110   180   -0.058720   0.000000  
UNEDF0   110   182   0.000206   -0.000000  
UNEDF0   110   184   -0.000127   0.000000  
UNEDF0   110   186   -0.000146   0.000000  
UNEDF0   110   188   0.000000   0.000000  
UNEDF0   110   190   0.010333   0.062859  
UNEDF0   110   192   0.077149   0.095407  
UNEDF0   110   194   0.117911   0.098118  
UNEDF0   110   196   0.147874   0.080476  
UNEDF0   110   198   0.172229   -0.000000  
UNEDF0   110   200   0.189323   -0.000000  
UNEDF0   110   202   0.201873   0.000000  
UNEDF0   110   204   0.212518   0.000000  
UNEDF0   110   206   0.220483   -0.000000  
UNEDF0   110   208   0.226389   -0.000000  
UNEDF0   110   210   0.230645   -0.000000  
UNEDF0   110   212   0.233455   -0.000000  
UNEDF0   110   214   0.234840   0.000000  
UNEDF0   110   216   0.235048   -0.000000  
UNEDF0   110   218   0.234195   -0.000000  
UNEDF0   110   220   0.232461   -0.000000  
UNEDF0   110   222   0.230045   -0.000000  
UNEDF0   110   224   0.227078   -0.000000  
UNEDF0   110   226   0.223588   -0.000000  
UNEDF0   110   228   0.219507   -0.000000  
UNEDF0   110   230   0.214737   -0.000000  
UNEDF0   110   232   0.209193   -0.000000  
UNEDF0   110   234   0.202817   -0.000000  
UNEDF0   110   236   0.195525   0.000000  
UNEDF0   110   238   0.187120   0.000000  
UNEDF0   110   240   0.177116   -0.000000  
UNEDF0   110   242   0.163674   0.000000  
UNEDF0   110   244   0.140928   0.000000  
UNEDF0   110   246   -0.112443   0.000000  
UNEDF0   110   248   -0.094567   0.000000  
UNEDF0   110   250   -0.073373   0.000000  
UNEDF0   110   252   -0.046904   0.000000  
UNEDF0   110   254   -0.000223   0.000003  
UNEDF0   110   256   0.000122   0.000000  
UNEDF0   110   258   0.000095   -0.000007  
UNEDF0   112   158   0.243316   -0.000000  
UNEDF0   112   160   0.236668   -0.000000  
UNEDF0   112   162   0.229123   -0.000000  
UNEDF0   112   164   0.220763   0.000000  
UNEDF0   112   166   0.210779   0.000000  
UNEDF0   112   168   0.198943   0.000000  
UNEDF0   112   170   0.184159   0.000000  
UNEDF0   112   172   0.163510   0.000000  
UNEDF0   112   174   -0.134152   0.000000  
UNEDF0   112   176   -0.114165   0.000000  
UNEDF0   112   178   -0.088911   0.000000  
UNEDF0   112   180   -0.054356   0.000000  
UNEDF0   112   182   0.000188   -0.000000  
UNEDF0   112   184   -0.000122   0.000000  
UNEDF0   112   186   0.000138   -0.000000  
UNEDF0   112   188   0.000000   -0.000000  
UNEDF0   112   190   0.000000   -0.000000  
UNEDF0   112   192   0.080990   0.056357  
UNEDF0   112   194   0.106509   0.077460  
UNEDF0   112   196   0.132964   0.068867  
UNEDF0   112   198   0.153415   0.007735  
UNEDF0   112   200   0.169650   -0.000000  
UNEDF0   112   202   0.183101   -0.000000  
UNEDF0   112   204   0.195299   0.000000  
UNEDF0   112   206   0.205458   -0.000000  
UNEDF0   112   208   0.213300   -0.000000  
UNEDF0   112   210   0.218835   -0.000000  
UNEDF0   112   212   0.222423   -0.000000  
UNEDF0   112   214   0.224331   -0.000000  
UNEDF0   112   216   0.224796   -0.000000  
UNEDF0   112   218   0.224017   -0.000000  
UNEDF0   112   220   0.222236   -0.000000  
UNEDF0   112   222   0.219704   -0.000000  
UNEDF0   112   224   0.216596   -0.000000  
UNEDF0   112   226   0.212955   -0.000000  
UNEDF0   112   228   0.208714   -0.000000  
UNEDF0   112   230   0.203743   -0.000000  
UNEDF0   112   232   0.197917   -0.000000  
UNEDF0   112   234   0.191119   0.000000  
UNEDF0   112   236   0.183228   0.000000  
UNEDF0   112   238   0.174061   0.000000  
UNEDF0   112   240   0.163102   0.000000  
UNEDF0   112   242   0.149120   0.000000  
UNEDF0   112   244   0.129648   0.000000  
UNEDF0   112   246   -0.107770   0.000000  
UNEDF0   112   248   -0.089823   0.000000  
UNEDF0   112   250   -0.067922   0.000000  
UNEDF0   112   252   -0.000000   -0.000000  
UNEDF0   112   254   -0.000185   -0.000000  
UNEDF0   112   256   -0.000106   0.000051  
UNEDF0   112   258   0.000088   -0.000000  
UNEDF0   114   162   0.218953   -0.000000  
UNEDF0   114   164   0.209950   0.000000  
UNEDF0   114   166   0.199053   0.000000  
UNEDF0   114   168   0.185897   0.000000  
UNEDF0   114   170   0.169112   0.000000  
UNEDF0   114   172   -0.144510   0.000000  
UNEDF0   114   174   -0.128176   0.000000  
UNEDF0   114   176   -0.109357   0.000000  
UNEDF0   114   178   -0.085015   0.000000  
UNEDF0   114   180   -0.050960   0.000000  
UNEDF0   114   182   0.000174   -0.000000  
UNEDF0   114   184   0.000117   -0.000000  
UNEDF0   114   186   0.000130   -0.000000  
UNEDF0   114   188   0.000000   0.000000  
UNEDF0   114   190   0.000000   0.000000  
UNEDF0   114   192   0.070411   0.055471  
UNEDF0   114   194   0.092570   0.069634  
UNEDF0   114   196   0.116701   0.067371  
UNEDF0   114   198   0.136620   0.051507  
UNEDF0   114   200   0.151314   0.007755  
UNEDF0   114   202   0.166043   -0.000000  
UNEDF0   114   204   0.178740   -0.000000  
UNEDF0   114   206   0.190979   -0.000000  
UNEDF0   114   208   0.201116   -0.000000  
UNEDF0   114   210   0.208324   -0.000000  
UNEDF0   114   212   0.212796   -0.000000  
UNEDF0   114   214   0.215092   -0.000000  
UNEDF0   114   216   0.215648   -0.000000  
UNEDF0   114   218   0.214764   -0.000000  
UNEDF0   114   220   0.212733   -0.000000  
UNEDF0   114   222   0.209868   -0.000000  
UNEDF0   114   224   0.206416   -0.000000  
UNEDF0   114   226   0.202493   -0.000000  
UNEDF0   114   228   0.198060   -0.000000  
UNEDF0   114   230   0.192962   -0.000000  
UNEDF0   114   232   0.187001   0.000000  
UNEDF0   114   234   0.180002   0.000000  
UNEDF0   114   236   0.171822   0.000000  
UNEDF0   114   238   0.162339   0.000000  
UNEDF0   114   240   0.151449   0.000000  
UNEDF0   114   242   0.137809   0.000000  
UNEDF0   114   244   -0.117142   0.000000  
UNEDF0   114   246   -0.102893   0.000000  
UNEDF0   114   248   -0.085396   0.000000  
UNEDF0   114   250   -0.063663   0.000000  
UNEDF0   114   252   -0.000351   0.000002  
UNEDF0   114   254   0.000166   0.000014  
UNEDF0   114   256   -0.000100   0.000033  
UNEDF0   114   258   0.000083   -0.000000  
UNEDF0   114   260   0.000088   0.000000  
UNEDF0   116   166   0.184663   0.000000  
UNEDF0   116   168   0.169594   0.000000  
UNEDF0   116   170   -0.148630   0.000000  
UNEDF0   116   172   -0.137097   0.000000  
UNEDF0   116   174   -0.122202   0.000000  
UNEDF0   116   176   -0.104921   0.000000  
UNEDF0   116   178   -0.082184   0.000000  
UNEDF0   116   180   -0.049761   0.000000  
UNEDF0   116   182   0.000164   -0.000000  
UNEDF0   116   184   0.000113   -0.000000  
UNEDF0   116   186   0.000126   -0.000000  
UNEDF0   116   188   0.000000   0.000000  
UNEDF0   116   190   0.000000   0.000000  
UNEDF0   116   192   0.060925   0.059898  
UNEDF0   116   194   0.082729   0.066834  
UNEDF0   116   196   0.100618   0.079642  
UNEDF0   116   198   0.119249   0.074077  
UNEDF0   116   200   0.135971   0.055203  
UNEDF0   116   202   0.148179   0.007911  
UNEDF0   116   204   0.163494   0.006403  
UNEDF0   116   206   0.177498   -0.000000  
UNEDF0   116   208   0.191229   -0.000000  
UNEDF0   116   210   0.200798   -0.000000  
UNEDF0   116   212   0.206307   -0.000000  
UNEDF0   116   214   0.208915   -0.000000  
UNEDF0   116   216   0.209399   -0.000000  
UNEDF0   116   218   0.208183   -0.000000  
UNEDF0   116   220   0.205619   -0.000000  
UNEDF0   116   222   0.202098   -0.000000  
UNEDF0   116   224   0.197972   -0.000000  
UNEDF0   116   226   0.193452   -0.000000  
UNEDF0   116   228   0.188536   -0.000000  
UNEDF0   116   230   0.183033   -0.000000  
UNEDF0   116   232   0.176700   0.000000  
UNEDF0   116   234   0.169342   0.000000  
UNEDF0   116   236   0.160843   0.000000  
UNEDF0   116   238   0.151425   0.000000  
UNEDF0   116   240   0.140068   0.000000  
UNEDF0   116   242   -0.122774   0.000000  
UNEDF0   116   244   -0.112374   0.000000  
UNEDF0   116   246   -0.099357   0.000000  
UNEDF0   116   248   -0.083336   0.000000  
UNEDF0   116   250   -0.063496   0.000000  
UNEDF0   116   252   -0.006763   0.000205  
UNEDF0   116   254   0.000167   0.000009  
UNEDF0   116   256   -0.000101   0.000032  
UNEDF0   116   258   0.000008   0.000147  
UNEDF0   116   260   0.000000   0.000173  
UNEDF0   118   168   -0.149512   0.000000  
UNEDF0   118   170   -0.141519   -0.000000  
UNEDF0   118   172   -0.130318   0.000000  
UNEDF0   118   174   -0.116445   0.000000  
UNEDF0   118   176   -0.100397   0.000000  
UNEDF0   118   178   -0.079360   0.000000  
UNEDF0   118   180   -0.049196   0.000000  
UNEDF0   118   182   0.000159   -0.000000  
UNEDF0   118   184   0.000110   -0.000000  
UNEDF0   118   186   0.000122   -0.000000  
UNEDF0   118   188   0.000000   0.000000  
UNEDF0   118   190   -0.000000   0.000000  
UNEDF0   118   192   0.053647   0.068744  
UNEDF0   118   194   0.071123   0.078158  
UNEDF0   118   196   0.086391   0.096731  
UNEDF0   118   198   0.105238   0.099859  
UNEDF0   118   200   0.122422   0.097137  
UNEDF0   118   202   0.137026   0.083509  
UNEDF0   118   204   0.151945   0.060579  
UNEDF0   118   206   0.165574   0.007297  
UNEDF0   118   208   0.188038   -0.000000  
UNEDF0   118   210   0.199070   -0.000000  
UNEDF0   118   212   0.204835   -0.000000  
UNEDF0   118   214   0.207287   -0.000000  
UNEDF0   118   216   0.207398   -0.000000  
UNEDF0   118   218   0.205590   -0.000000  
UNEDF0   118   220   0.202175   -0.000000  
UNEDF0   118   222   0.197592   -0.000000  
UNEDF0   118   224   0.192074   -0.000000  
UNEDF0   118   226   0.186686   -0.000000  
UNEDF0   118   228   0.180685   -0.000000  
UNEDF0   118   230   0.174040   -0.000000  
UNEDF0   118   232   0.166413   -0.000000  
UNEDF0   118   234   0.157591   0.000000  
UNEDF0   118   236   0.148220   0.000000  
UNEDF0   118   238   0.137016   0.000000  
UNEDF0   118   240   -0.126698   0.000000  
UNEDF0   118   242   -0.118765   0.000000  
UNEDF0   118   244   -0.109280   0.000000  
UNEDF0   118   246   -0.097593   0.000000  
UNEDF0   118   248   -0.083214   0.000000  
UNEDF0   118   250   -0.065396   0.000000  
UNEDF0   118   252   -0.042789   0.000000  
UNEDF0   118   254   0.000113   0.000108  
UNEDF0   118   256   -0.000084   0.000093  
UNEDF0   118   258   0.000007   0.000167  
UNEDF0   118   260   -0.000004   0.000200  
UNEDF0   118   262   0.000045   0.000928  
UNEDF0   120   172   -0.124772   0.000000  
UNEDF0   120   174   -0.108599   0.000000  
UNEDF0   120   176   -0.092272   0.000000  
UNEDF0   120   178   -0.072290   0.000000  
UNEDF0   120   180   -0.044830   0.000000  
UNEDF0   120   182   0.000143   -0.000000  
UNEDF0   120   184   0.000104   -0.000000  
UNEDF0   120   186   0.000000   0.000000  
UNEDF0   120   188   -0.000000   0.000000  
UNEDF0   120   190   0.031596   0.066232  
UNEDF0   120   192   0.046639   0.084106  
UNEDF0   120   194   0.059580   0.108366  
UNEDF0   120   196   0.074643   0.117540  
UNEDF0   120   198   0.094505   0.125385  
UNEDF0   120   200   0.123999   0.142072  
UNEDF0   120   202   0.151732   0.157269  
UNEDF0   120   204   0.167114   0.142345  
UNEDF0   120   206   0.186300   0.093149  
UNEDF0   120   208   0.196265   0.008504  
UNEDF0   120   210   0.204732   -0.000000  
UNEDF0   120   212   0.209029   -0.000000  
UNEDF0   120   214   0.210560   -0.000000  
UNEDF0   120   216   0.209974   -0.000000  
UNEDF0   120   218   0.207450   -0.000000  
UNEDF0   120   220   0.203101   -0.000000  
UNEDF0   120   222   0.197306   -0.000000  
UNEDF0   120   224   0.189080   -0.000000  
UNEDF0   120   226   0.181915   -0.000000  
UNEDF0   120   228   0.175584   -0.000000  
UNEDF0   120   230   0.167855   -0.000000  
UNEDF0   120   232   0.158322   -0.000000  
UNEDF0   120   234   0.147154   0.000000  
UNEDF0   120   236   -0.141503   0.000000  
UNEDF0   120   238   -0.133843   0.000000  
UNEDF0   120   240   -0.126383   0.000000  
UNEDF0   120   242   -0.117419   0.000000  
UNEDF0   120   244   -0.106436   0.000000  
UNEDF0   120   246   -0.093224   0.000000  
UNEDF0   120   248   -0.078514   0.000000  
UNEDF0   120   250   -0.061717   0.000000  
UNEDF0   120   252   -0.040946   0.000000  
UNEDF0   120   254   0.000108   0.000131  
UNEDF0   120   256   0.000008   0.000186  
UNEDF0   120   258   -0.000002   0.000217  
UNEDF0   120   260   -0.000034   0.000254  
UNEDF0   120   262   -0.001405   0.000041  
UNEDF0   120   264   -0.003557   0.000070  
UNEDF0   120   266   -0.006783   0.000066  
UNEDF0   120   268   -0.011858   0.000024  
UNEDF0   120   270   -0.018631   -0.000078  
UNEDF0   120   272   -0.027622   -0.000082  
UNEDF0   120   274   -0.041507   -0.000057  
UNEDF0   120   276   -0.059820   -0.000121  
UNEDF0   120   278   -0.076018   -0.000011  
UNEDF0   120   280   -0.092335   -0.000011  
UNEDF0   120   282   -0.110784   -0.000026  
UNEDF0   120   284   -0.126266   -0.000008  
UNEDF0   120   286   -0.136013   -0.000007  
UNEDF0   120   288   -0.145625   0.000002  
UNEDF0   120   290   -0.155140   -0.000020  
