  Z      N    UNEDF0    UNEDF1    UNEDF2      SkM*      SLy4    SV-MIN     Total
  4      8         1         0         0         0         0         0         1
  6      8         0         0         0         0         0         1         1
  8      6         0         0         1         0         0         0         1
  8      8         0         0         0         0         1         0         1
  8     16         0         0         0         0         1         0         1
  8     18         0         0         0         1         1         0         2
 10      6         0         0         0         1         0         0         1
 14     10         0         0         0         0         1         0         1
 38     58         0         0         1         0         0         0         1
 38     60         0         0         1         0         0         0         1
 40     56         0         0         1         0         0         0         1
 40     58         0         1         1         0         0         0         2
 40     60         0         1         1         0         0         0         2
 40     70         0         1         0         0         0         0         1
 40     94         0         0         1         0         0         0         1
 42     40         0         0         1         0         0         0         1
 42     56         0         0         1         0         0         0         1
 42     58         0         1         1         0         0         0         2
 42     60         0         0         1         0         0         0         1
 42     72         0         1         0         0         0         0         1
 42     76         0         0         1         0         0         0         1
 42     94         0         0         1         0         0         0         1
 44     56         0         0         1         0         0         0         1
 52     56         0         0         1         0         0         0         1
 52     58         0         0         1         0         0         0         1
 52     86         0         0         1         0         0         0         1
 52     88         0         0         1         0         0         0         1
 54     56         1         1         1         0         0         0         3
 54     58         1         1         1         1         0         1         5
 54     60         1         0         0         0         0         0         1
 54     86         1         0         1         0         0         1         3
 54     88         1         1         1         1         1         1         6
 54     90         1         1         1         1         1         1         6
 54     92         1         1         0         1         1         1         5
 54     94         1         0         0         0         0         1         2
 54     96         0         0         0         0         1         0         1
 56     58         0         1         1         0         0         0         2
 56     84         0         0         1         0         0         0         1
 56     86         1         1         1         1         1         1         6
 56     88         1         1         1         1         1         1         6
 56     90         1         1         1         1         1         1         6
 56     92         1         1         1         1         1         1         6
 56     94         1         1         1         0         1         1         5
 56     96         1         1         1         0         0         1         4
 58     84         0         0         1         0         0         0         1
 58     86         1         1         1         1         1         1         6
 58     88         1         1         1         1         1         1         6
 58     90         1         1         1         1         1         1         6
 58     92         0         0         0         1         1         0         2
 58    132         1         0         0         0         0         0         1
 58    134         1         0         0         1         0         0         2
 58    136         1         0         0         1         0         0         2
 58    138         0         0         0         1         0         0         1
 58    140         0         0         0         1         0         0         1
 60     84         0         1         1         0         0         1         3
 60     86         1         1         1         1         1         1         6
 60     88         1         1         1         1         1         1         6
 60     90         0         1         1         1         1         0         4
 60     98         0         1         0         0         0         0         1
 60    132         1         1         0         0         0         0         2
 60    134         1         1         0         1         0         0         3
 60    136         1         1         0         1         0         0         3
 60    138         1         0         0         1         0         0         2
 62     84         0         1         1         0         0         1         3
 62     86         0         1         1         1         0         1         4
 62     88         0         1         1         1         1         1         5
 62     90         0         0         1         0         0         0         1
 62     94         0         0         1         0         0         0         1
 62     96         0         1         1         0         0         0         2
 62    106         0         0         0         0         0         1         1
 62    130         1         1         1         0         0         1         4
 62    132         1         1         1         1         0         1         5
 62    134         1         1         1         1         0         1         5
 62    136         1         1         1         1         0         1         5
 62    138         0         1         1         1         0         1         4
 62    140         0         1         1         0         0         1         3
 62    142         0         0         1         0         0         0         1
 64     84         0         1         1         0         0         1         3
 64     86         0         1         1         1         0         1         4
 64     88         0         1         1         1         0         0         3
 64     90         0         0         1         0         0         0         1
 64    128         0         0         1         0         0         0         1
 64    130         0         1         1         0         0         1         3
 64    132         0         1         1         1         0         1         4
 64    134         0         1         1         1         0         1         4
 64    136         0         1         1         1         0         1         4
 64    138         0         1         1         0         0         1         3
 64    140         0         1         1         0         0         0         2
 64    142         0         0         1         0         0         0         1
 66     84         0         1         1         0         0         0         2
 66     86         0         1         1         1         0         1         4
 66     88         0         0         1         1         0         0         2
 66     90         0         0         1         0         0         0         1
 66    128         0         0         1         0         0         0         1
 66    130         0         1         1         0         0         1         3
 66    132         0         1         1         1         0         1         4
 66    134         0         1         1         1         1         1         5
 66    136         0         1         1         1         1         1         5
 66    138         0         1         1         0         0         1         3
 66    140         0         0         1         0         0         0         1
 68     84         0         0         1         0         0         0         1
 68     86         0         1         1         1         0         0         3
 68     88         0         0         1         0         0         0         1
 68    128         0         0         1         0         0         0         1
 68    130         0         1         1         0         0         1         3
 68    132         0         1         1         1         1         1         5
 68    134         0         1         1         1         1         1         5
 68    136         0         1         1         1         0         1         4
 68    138         0         1         1         0         0         0         2
 68    140         0         0         1         0         0         0         1
 70     86         0         0         1         0         0         0         1
 70     88         0         0         1         0         0         0         1
 70     90         0         0         1         0         0         0         1
 70    130         0         0         1         0         0         0         1
 70    132         0         1         1         1         0         1         4
 70    134         0         1         1         1         0         1         4
 70    136         0         1         1         1         0         1         4
 70    138         0         1         1         0         0         1         3
 70    140         0         1         0         0         0         0         1
 72     88         0         0         1         0         0         0         1
 72     90         0         0         1         0         0         0         1
 72    130         0         0         1         0         0         0         1
 72    132         0         1         1         1         0         0         3
 72    134         0         1         1         1         0         0         3
 72    136         0         1         1         1         0         0         3
 72    138         0         1         1         0         0         0         2
 74     90         0         0         1         0         0         0         1
 74    130         0         0         1         0         0         0         1
 74    132         0         0         1         1         0         0         2
 74    134         0         1         1         1         0         0         3
 74    136         0         1         1         1         0         0         3
 74    138         0         0         1         0         0         0         1
 74    140         0         0         1         0         0         0         1
 76     88         0         0         1         0         0         0         1
 76     90         0         1         1         0         0         0         2
 76     92         0         0         1         0         0         0         1
 76    130         0         0         1         0         0         0         1
 76    132         0         1         1         0         0         0         2
 76    134         0         1         1         1         0         0         3
 76    136         0         1         1         1         0         1         4
 76    138         0         1         1         1         0         0         3
 76    140         0         0         1         0         0         0         1
 76    174         0         1         0         0         0         0         1
 78     90         0         1         1         0         0         0         2
 78     92         0         1         1         0         0         0         2
 78    110         0         1         0         0         0         0         1
 78    112         0         1         0         0         0         0         1
 78    114         0         1         0         0         0         0         1
 78    130         0         0         1         0         0         0         1
 78    132         0         1         1         0         0         0         2
 78    134         0         1         1         1         0         1         4
 78    136         0         1         1         1         0         1         4
 78    138         0         1         1         1         0         1         4
 78    140         0         0         1         1         0         0         2
 78    142         0         0         1         0         0         0         1
 78    164         0         1         0         0         0         0         1
 78    166         0         1         0         0         0         0         1
 78    168         0         1         0         0         0         0         1
 80     94         0         1         1         0         0         0         2
 80    130         0         0         1         0         0         0         1
 80    132         0         0         1         0         0         0         1
 80    134         0         1         1         0         0         1         3
 80    136         0         1         1         1         0         1         4
 80    138         0         1         1         1         0         1         4
 80    140         0         1         1         1         0         1         4
 80    142         0         0         1         1         0         0         2
 82     98         0         1         0         0         0         0         1
 82    132         0         0         1         0         0         0         1
 82    134         0         0         1         1         0         0         2
 82    136         0         1         1         1         0         0         3
 82    138         0         0         1         1         0         0         2
 82    140         0         1         1         1         0         0         3
 82    142         0         1         1         1         0         0         3
 82    144         0         0         1         0         0         0         1
 84    132         0         0         1         0         0         0         1
 84    134         1         0         1         1         0         0         3
 84    136         1         1         1         1         0         0         4
 84    138         1         1         1         1         0         1         5
 84    140         1         0         1         1         0         0         3
 84    142         1         0         0         0         0         0         1
 84    144         1         0         0         0         0         0         1
 86    130         1         0         0         0         0         0         1
 86    132         1         1         1         1         0         0         4
 86    134         1         1         1         1         0         1         5
 86    136         1         1         1         1         1         1         6
 86    138         1         1         1         1         1         1         6
 86    140         1         1         0         1         1         1         5
 86    142         1         1         0         1         1         1         5
 86    144         1         1         0         1         1         1         5
 86    146         1         0         0         0         0         0         1
 86    148         1         0         0         0         0         0         1
 86    194         0         0         0         1         0         0         1
 86    196         0         0         0         1         0         0         1
 86    198         0         0         0         1         0         0         1
 86    200         0         0         0         1         0         0         1
 88    130         1         1         0         1         0         0         3
 88    132         1         1         1         1         1         1         6
 88    134         1         1         1         1         1         1         6
 88    136         1         1         1         1         1         1         6
 88    138         1         1         1         1         1         1         6
 88    140         1         1         1         1         1         1         6
 88    142         1         1         1         1         1         1         6
 88    144         1         1         1         1         1         1         6
 88    146         1         1         0         1         1         1         5
 88    148         1         1         0         0         0         1         3
 88    150         1         0         0         0         0         1         2
 88    152         1         0         0         0         0         0         1
 88    190         1         0         0         0         0         0         1
 88    192         1         0         0         1         0         0         2
 88    194         1         1         0         1         0         0         3
 88    196         1         1         0         1         0         0         3
 88    198         1         1         0         1         0         0         3
 88    200         1         1         0         1         0         0         3
 88    202         1         1         0         1         0         0         3
 88    204         1         1         0         1         0         0         3
 88    206         1         1         0         0         0         0         2
 88    208         1         1         0         0         0         0         2
 90    130         1         1         1         1         0         1         5
 90    132         1         1         1         1         1         1         6
 90    134         1         1         1         1         1         1         6
 90    136         1         1         1         1         1         1         6
 90    138         1         1         1         1         1         1         6
 90    140         1         1         1         1         1         1         6
 90    142         1         1         1         1         1         1         6
 90    144         1         1         1         1         1         1         6
 90    146         1         1         1         1         1         1         6
 90    148         1         1         1         0         1         1         5
 90    150         1         1         0         0         0         1         3
 90    190         1         0         0         0         0         0         1
 90    192         1         0         0         1         0         1         3
 90    194         1         1         1         1         0         1         5
 90    196         1         1         1         1         0         1         5
 90    198         1         1         0         1         0         1         4
 90    200         1         1         0         1         0         1         4
 90    202         1         1         0         1         0         1         4
 90    204         1         1         1         1         0         1         5
 90    206         1         1         1         1         0         1         5
 90    208         1         1         0         1         0         1         4
 90    210         1         1         0         0         0         1         3
 90    212         1         1         0         0         0         0         2
 92    128         1         0         0         0         0         0         1
 92    130         1         1         1         1         0         1         5
 92    132         1         1         1         1         1         1         6
 92    134         1         1         1         1         1         1         6
 92    136         1         1         1         1         1         1         6
 92    138         1         1         1         1         1         1         6
 92    140         1         1         1         1         1         1         6
 92    142         1         1         1         1         1         1         6
 92    144         1         1         1         1         1         1         6
 92    146         1         1         1         1         1         1         6
 92    148         1         1         1         1         1         1         6
 92    150         1         1         1         0         0         1         4
 92    152         0         1         0         0         0         1         2
 92    156         0         1         0         0         0         0         1
 92    158         0         1         0         0         0         0         1
 92    188         1         0         0         0         0         0         1
 92    190         1         0         0         1         0         0         2
 92    192         1         1         0         1         0         1         4
 92    194         1         1         1         1         0         1         5
 92    196         1         1         1         1         0         1         5
 92    198         1         1         1         1         0         1         5
 92    200         1         1         1         1         0         1         5
 92    202         1         1         1         1         0         1         5
 92    204         1         1         1         1         0         1         5
 92    206         1         1         1         1         0         1         5
 92    208         1         1         1         1         0         1         5
 92    210         1         1         1         0         0         1         4
 92    212         1         1         0         0         0         1         3
 92    214         1         1         0         0         0         1         3
 92    216         1         1         0         0         0         0         2
 94    128         1         1         0         1         0         0         3
 94    130         1         1         1         1         1         1         6
 94    132         1         1         1         1         1         1         6
 94    134         1         1         1         1         1         1         6
 94    136         1         1         1         1         1         1         6
 94    138         1         1         1         1         1         1         6
 94    140         1         1         1         1         1         1         6
 94    142         1         1         1         1         1         1         6
 94    144         1         1         1         1         1         1         6
 94    146         1         1         1         1         1         1         6
 94    148         1         1         1         1         1         1         6
 94    150         0         1         1         0         0         1         3
 94    170         0         1         0         0         0         0         1
 94    188         1         0         0         1         0         0         2
 94    190         1         1         1         1         1         1         6
 94    192         1         1         1         1         1         1         6
 94    194         1         1         1         1         1         1         6
 94    196         1         1         1         1         1         1         6
 94    198         1         1         1         1         1         1         6
 94    200         1         1         1         1         1         1         6
 94    202         1         1         1         1         1         1         6
 94    204         1         1         1         1         1         1         6
 94    206         1         1         1         1         1         1         6
 94    208         1         1         0         1         1         1         5
 94    210         1         1         0         1         0         1         4
 94    212         1         1         0         0         0         1         3
 94    214         1         1         0         0         0         1         3
 94    216         1         1         0         0         0         1         3
 94    218         1         0         0         0         0         1         2
 94    220         1         0         0         0         0         0         1
 96    128         1         1         1         0         1         0         4
 96    130         1         1         1         1         1         1         6
 96    132         1         1         1         1         1         1         6
 96    134         1         1         1         1         1         1         6
 96    136         1         1         1         1         1         1         6
 96    138         1         1         1         1         1         1         6
 96    140         1         1         1         1         1         1         6
 96    142         1         1         1         1         1         1         6
 96    144         1         1         1         1         1         1         6
 96    146         0         1         1         1         1         1         5
 96    148         0         1         0         0         1         0         2
 96    150         0         1         0         0         0         0         1
 96    186         1         1         1         1         0         1         5
 96    188         1         1         1         1         1         1         6
 96    190         1         1         1         1         1         1         6
 96    192         1         1         1         1         1         1         6
 96    194         1         1         1         1         1         1         6
 96    196         1         1         1         1         1         1         6
 96    198         1         1         1         1         1         1         6
 96    200         1         1         1         1         1         1         6
 96    202         1         1         1         1         1         1         6
 96    204         1         1         1         1         1         1         6
 96    206         1         1         0         1         1         1         5
 96    208         1         1         0         0         0         1         3
 96    210         0         1         0         0         0         1         2
 96    212         0         1         0         0         0         1         2
 96    214         0         1         0         0         0         1         2
 96    216         0         1         0         0         0         1         2
 96    218         0         1         0         0         0         1         2
 96    220         0         1         0         0         0         0         1
 98    130         1         1         1         0         1         1         5
 98    132         1         1         1         1         1         1         6
 98    134         1         1         1         1         1         1         6
 98    136         1         1         1         1         1         1         6
 98    138         1         1         1         1         1         1         6
 98    140         1         1         1         1         1         1         6
 98    142         0         1         1         1         1         1         5
 98    144         0         1         1         1         1         1         5
 98    146         0         1         1         1         1         1         5
 98    148         0         1         0         0         0         0         1
 98    182         0         1         0         0         0         0         1
 98    184         1         1         1         0         0         1         4
 98    186         1         1         1         1         1         1         6
 98    188         1         1         1         1         1         1         6
 98    190         1         1         1         1         1         1         6
 98    192         1         1         1         1         1         1         6
 98    194         1         1         1         1         1         1         6
 98    196         1         1         1         1         1         1         6
 98    198         1         1         1         1         1         1         6
 98    200         0         1         1         1         1         1         5
 98    202         0         1         1         1         1         1         5
 98    204         0         1         1         1         1         1         5
 98    206         0         1         0         0         0         0         1
 98    208         0         1         0         0         0         0         1
 98    210         0         1         0         0         0         0         1
 98    212         0         1         0         0         0         0         1
 98    214         0         1         0         0         0         0         1
 98    216         0         1         0         0         0         0         1
 98    218         0         1         0         0         0         0         1
 98    220         0         1         0         0         0         0         1
 98    222         0         1         0         0         0         0         1
 98    224         0         1         0         0         0         0         1
 98    226         0         1         0         0         0         0         1
 98    228         0         0         1         0         0         0         1
100    132         0         1         1         0         0         0         2
100    134         1         1         1         0         1         0         4
100    136         1         1         1         0         1         1         5
100    138         1         1         1         1         1         1         6
100    140         1         1         1         1         1         1         6
100    142         0         1         1         1         1         1         5
100    144         0         1         1         1         1         1         5
100    146         0         1         1         1         1         1         5
100    148         0         1         1         0         0         1         3
100    180         0         0         0         0         0         1         1
100    182         1         1         1         1         0         1         5
100    184         1         1         1         1         1         1         6
100    186         1         1         1         1         1         1         6
100    188         1         1         1         1         1         1         6
100    190         1         1         1         1         1         1         6
100    192         1         1         1         1         1         1         6
100    194         1         1         1         1         1         1         6
100    196         1         1         1         1         1         1         6
100    198         0         1         1         1         1         1         5
100    200         0         1         1         1         1         1         5
100    202         0         1         1         1         1         1         5
100    204         0         1         1         0         1         1         4
100    206         0         1         0         0         0         0         1
100    210         0         1         0         0         0         0         1
100    212         0         1         0         0         0         0         1
100    214         0         1         0         0         0         0         1
100    216         0         1         0         0         0         0         1
100    218         0         1         0         0         0         0         1
100    220         0         1         0         0         0         0         1
100    222         0         1         0         0         0         0         1
100    258         0         0         0         1         0         0         1
102    134         0         1         0         0         0         0         1
102    136         0         1         1         0         1         0         3
102    138         1         1         1         0         1         0         4
102    140         1         1         1         0         1         1         5
102    142         0         1         1         1         1         1         5
102    144         0         1         1         1         1         1         5
102    146         0         1         1         1         1         1         5
102    148         0         1         1         0         0         1         3
102    182         1         1         1         0         1         1         5
102    184         1         1         1         1         1         1         6
102    186         1         1         1         1         1         1         6
102    188         1         1         1         1         1         1         6
102    190         1         1         1         1         1         1         6
102    192         1         1         1         1         1         1         6
102    194         1         1         1         1         1         1         6
102    196         1         1         1         1         1         1         6
102    198         0         1         1         1         1         1         5
102    200         0         1         1         1         1         1         5
102    202         0         1         1         1         1         1         5
102    204         0         1         1         0         0         1         3
102    206         0         1         0         1         0         0         2
102    214         0         1         0         0         0         0         1
102    216         0         1         0         0         0         0         1
102    220         0         1         0         0         0         0         1
102    224         0         1         0         0         0         0         1
102    226         0         1         0         0         0         0         1
102    228         0         1         0         0         0         0         1
102    230         0         1         0         0         0         0         1
102    234         0         1         0         0         0         0         1
102    256         0         0         0         1         0         0         1
102    258         0         0         0         1         0         0         1
104    140         0         1         1         0         0         0         2
104    142         0         1         1         0         1         0         3
104    144         0         1         1         0         1         1         4
104    146         0         1         1         0         0         0         2
104    182         0         1         1         0         1         1         4
104    184         1         1         1         1         1         1         6
104    186         1         1         1         1         1         1         6
104    188         1         1         1         1         1         1         6
104    190         1         1         1         1         1         1         6
104    192         1         1         1         1         1         1         6
104    194         1         1         1         1         1         1         6
104    196         1         1         1         1         1         1         6
104    198         0         1         1         0         1         1         4
104    200         0         1         1         0         1         1         4
104    202         0         1         1         0         1         1         4
104    204         0         1         1         0         0         1         3
104    206         0         1         1         0         0         0         2
104    208         0         1         0         0         0         0         1
104    210         0         1         0         0         0         0         1
104    214         0         1         0         0         0         0         1
104    216         0         1         0         0         0         0         1
104    218         0         1         0         0         0         0         1
104    220         0         1         0         0         0         0         1
104    222         0         1         0         0         0         0         1
104    224         0         1         0         0         0         0         1
104    226         0         1         0         0         0         0         1
104    228         0         1         0         0         0         0         1
104    230         0         1         0         0         0         0         1
104    232         0         1         0         0         0         0         1
104    234         0         1         0         0         0         0         1
104    242         0         1         0         0         0         0         1
104    252         0         0         1         0         0         0         1
104    254         1         0         0         0         0         1         2
104    256         1         0         0         1         0         1         3
104    258         1         1         0         1         0         0         3
106    146         0         1         1         0         0         0         2
106    182         0         1         1         0         0         1         3
106    184         0         1         1         1         1         1         5
106    186         1         1         1         1         1         1         6
106    188         1         1         1         1         1         1         6
106    190         1         1         1         1         1         1         6
106    192         1         1         1         1         1         1         6
106    194         1         1         1         1         0         1         5
106    196         1         1         1         0         0         1         4
106    198         0         1         1         0         0         1         3
106    200         0         1         1         0         0         1         3
106    202         0         1         1         0         0         1         3
106    204         0         1         1         0         0         0         2
106    206         0         1         1         0         0         0         2
106    208         0         1         1         0         0         0         2
106    210         0         1         0         0         0         0         1
106    212         0         1         0         0         0         0         1
106    214         0         1         0         0         0         0         1
106    216         0         1         0         0         0         0         1
106    218         0         1         0         0         0         0         1
106    220         0         1         0         0         0         0         1
106    222         0         1         0         0         0         0         1
106    224         0         1         0         0         0         0         1
106    226         0         1         0         0         0         0         1
106    228         0         1         0         0         0         0         1
106    230         0         1         0         0         0         0         1
106    232         0         1         0         0         0         0         1
106    242         0         1         0         0         0         0         1
106    254         0         0         0         0         0         1         1
106    256         0         0         0         1         0         1         2
106    258         0         0         1         1         0         1         3
108    182         0         1         0         0         0         0         1
108    184         0         1         1         0         0         1         3
108    186         0         1         1         1         1         1         5
108    188         1         1         1         1         1         1         6
108    190         1         1         1         1         1         1         6
108    192         1         1         1         1         1         1         6
108    194         1         1         1         1         0         1         5
108    196         1         1         1         0         0         1         4
108    198         0         1         1         0         0         1         3
108    200         0         1         1         0         0         1         3
108    202         0         1         1         0         0         0         2
108    204         0         1         1         0         0         0         2
108    206         0         1         0         0         0         0         1
108    218         0         1         0         0         0         0         1
108    220         0         1         0         0         0         0         1
108    222         0         1         0         0         0         0         1
108    224         0         1         0         0         0         0         1
108    226         0         1         0         0         0         0         1
108    228         0         1         0         0         0         0         1
108    232         0         1         0         0         0         0         1
108    234         0         1         0         0         0         0         1
108    238         0         1         0         0         0         0         1
108    244         0         1         0         0         0         0         1
108    246         0         1         0         0         0         0         1
108    248         0         1         0         0         0         0         1
108    250         0         1         0         0         0         0         1
108    252         0         0         1         0         0         0         1
108    258         0         0         0         1         0         1         2
108    260         0         0         0         1         0         0         1
108    262         0         0         0         1         0         0         1
108    264         0         0         0         1         0         0         1
108    266         0         0         0         1         0         0         1
110    186         0         1         1         1         0         1         4
110    188         0         1         1         1         1         1         5
110    190         1         1         1         1         1         1         6
110    192         1         1         1         1         1         1         6
110    194         1         1         1         1         1         1         6
110    196         1         1         1         0         0         1         4
110    198         0         1         1         0         0         1         3
110    200         0         1         1         0         0         0         2
110    202         0         1         1         0         0         0         2
110    204         0         0         1         0         0         0         1
110    216         0         1         0         0         0         0         1
110    228         0         1         0         0         0         0         1
110    236         0         1         0         0         0         0         1
110    258         0         0         0         1         0         0         1
110    260         0         0         0         1         0         0         1
110    262         0         0         0         1         0         0         1
110    264         0         0         0         1         0         0         1
110    266         0         0         0         1         0         0         1
110    268         0         0         0         1         0         0         1
110    270         0         0         0         1         0         0         1
110    272         0         0         0         1         0         0         1
110    274         0         0         0         1         0         0         1
112    186         0         0         1         0         0         0         1
112    188         0         1         1         1         1         1         5
112    190         0         1         1         1         1         1         5
112    192         1         1         1         1         1         1         6
112    194         1         1         1         1         1         1         6
112    196         1         1         1         1         1         1         6
112    198         0         1         1         1         0         1         4
112    200         0         1         1         0         0         0         2
112    202         0         0         1         0         0         0         1
112    204         0         0         1         0         0         0         1
112    260         0         0         0         1         0         0         1
112    262         0         0         0         1         0         0         1
112    264         0         0         0         1         0         0         1
112    266         0         0         0         1         0         0         1
112    268         0         0         0         1         0         0         1
112    270         0         0         0         1         0         0         1
112    272         0         0         0         1         0         0         1
112    274         0         0         0         1         0         0         1
112    276         0         0         0         1         0         0         1
112    278         0         0         0         1         0         0         1
114    188         0         1         1         1         0         0         3
114    190         0         1         1         1         0         1         4
114    192         1         1         1         1         1         1         6
114    194         1         1         1         1         1         1         6
114    196         1         1         1         1         1         1         6
114    198         1         1         1         1         1         1         6
114    200         0         1         1         1         0         1         4
114    202         0         1         1         1         0         0         3
114    204         0         0         1         0         0         0         1
114    206         0         0         1         0         0         0         1
114    262         0         0         0         1         0         0         1
114    264         0         0         0         1         0         0         1
114    266         0         0         0         1         0         0         1
114    268         0         0         0         1         0         0         1
114    270         0         0         0         1         0         0         1
114    272         0         0         0         1         0         0         1
114    274         0         0         0         1         0         0         1
114    276         0         0         0         1         0         0         1
114    278         0         0         0         1         0         0         1
114    280         0         0         0         1         0         0         1
116    188         0         1         1         1         0         0         3
116    190         0         1         1         1         0         1         4
116    192         1         1         1         1         1         1         6
116    194         1         1         1         1         1         1         6
116    196         1         1         1         1         1         1         6
116    198         1         1         1         1         1         1         6
116    200         1         1         1         1         0         1         5
116    202         0         1         1         1         0         0         3
116    204         0         0         1         1         0         0         2
116    206         0         0         1         0         0         0         1
116    208         0         0         1         0         0         0         1
116    262         0         0         0         1         0         0         1
116    264         0         0         0         1         0         0         1
116    266         0         0         0         1         0         0         1
116    268         0         0         0         1         0         0         1
116    270         0         0         0         1         0         0         1
116    272         0         0         0         1         0         0         1
116    274         0         0         0         1         0         0         1
116    276         0         0         0         1         0         0         1
116    278         0         0         0         1         0         0         1
116    280         0         0         0         1         0         0         1
116    282         0         0         0         1         0         0         1
116    284         0         0         0         1         0         0         1
118    188         0         1         1         1         0         0         3
118    190         0         1         1         1         0         1         4
118    192         1         1         1         1         1         1         6
118    194         1         1         1         1         1         1         6
118    196         1         1         1         1         1         1         6
118    198         1         1         1         1         1         1         6
118    200         1         1         1         1         1         1         6
118    202         1         1         1         1         0         1         5
118    204         1         1         1         1         0         1         5
118    206         0         0         1         1         0         0         2
118    208         0         0         1         0         0         0         1
118    226         0         1         0         0         0         0         1
118    260         0         0         0         1         0         0         1
118    262         0         0         0         1         0         0         1
118    264         0         0         0         1         0         0         1
118    266         0         0         0         1         0         0         1
118    268         0         0         0         1         0         0         1
118    270         0         0         1         1         0         0         2
118    272         0         0         1         1         0         0         2
118    274         0         0         1         1         0         0         2
118    276         0         0         1         1         0         0         2
118    278         0         0         1         1         0         0         2
118    280         0         0         0         1         0         0         1
118    282         0         0         0         1         0         0         1
118    284         0         0         0         1         0         0         1
120    188         0         1         1         1         0         0         3
120    190         1         1         1         1         0         1         5
120    192         1         1         1         1         1         1         6
120    194         1         1         1         1         1         1         6
120    196         1         1         1         1         1         1         6
120    198         1         1         1         1         1         1         6
120    200         1         1         1         1         1         1         6
120    202         1         1         1         1         1         1         6
120    204         1         1         1         1         0         1         5
120    206         1         0         1         1         0         1         4
120    208         0         0         1         1         0         0         2
120    210         0         0         1         0         0         0         1
120    260         0         0         0         1         0         0         1
120    262         0         0         0         1         0         1         2
120    264         0         0         1         1         0         1         3
120    266         0         0         0         1         0         1         2
120    268         0         0         1         1         0         1         3
120    270         0         0         1         1         0         1         3
120    272         0         0         1         1         0         1         3
120    274         0         0         1         1         0         1         3
120    276         0         0         1         1         0         1         3
120    278         0         0         1         1         0         1         3
120    280         0         0         1         1         0         1         3
120    282         0         0         1         1         0         1         3
120    284         0         0         1         1         0         0         2
120    286         0         0         0         1         0         0         1
120    288         0         0         0         1         0         0         1
