EDF       Z     N      beta_2     beta_3  
  SLY4     2     2   -0.000000   0.000000  
  SLY4     2     4   0.000686   0.000393  
  SLY4     2     6   -0.000001   -0.000000  
  SLY4     4     2   0.000985   0.000601  
  SLY4     4     4   0.000000   -0.000000  
  SLY4     4     6   0.000000   0.000000  
  SLY4     4     8   0.000962   0.000303  
  SLY4     6     4   0.000000   -0.000000  
  SLY4     6     6   0.006360   0.004971  
  SLY4     6     8   -0.000000   -0.000000  
  SLY4     6    10   0.007212   0.003460  
  SLY4     6    12   0.000004   -0.000000  
  SLY4     6    14   0.000022   -0.000000  
  SLY4     6    16   0.000089   -0.000000  
  SLY4     8     6   0.000181   0.000005  
  SLY4     8     8   0.022425   0.048868  
  SLY4     8    10   0.003185   0.000205  
  SLY4     8    12   0.003281   0.000083  
  SLY4     8    14   0.000279   -0.000000  
  SLY4     8    16   0.019631   0.025069  
  SLY4     8    18   0.025420   0.025297  
  SLY4    10     8   0.000856   0.000025  
  SLY4    10    10   0.004928   0.002421  
  SLY4    10    12   0.006066   0.006289  
  SLY4    10    14   0.000428   -0.000000  
  SLY4    10    16   0.000285   -0.000000  
  SLY4    10    18   -0.000204   -0.000000  
  SLY4    10    20   0.000004   -0.000000  
  SLY4    12     8   0.003394   0.003791  
  SLY4    12    10   0.000435   0.000004  
  SLY4    12    12   -0.019908   -0.000000  
  SLY4    12    14   -0.019323   0.000712  
  SLY4    12    16   -0.000425   -0.000000  
  SLY4    12    18   0.000155   0.000024  
  SLY4    12    20   -0.000250   -0.000000  
  SLY4    12    22   0.002644   0.000085  
  SLY4    12    24   0.058080   -0.000000  
  SLY4    12    26   0.146404   -0.000000  
  SLY4    12    28   0.120725   -0.000000  
  SLY4    14    10   0.000528   0.017621  
  SLY4    14    12   -0.022391   -0.000000  
  SLY4    14    14   -0.000788   0.000000  
  SLY4    14    16   -0.000435   -0.000000  
  SLY4    14    18   0.000276   -0.000000  
  SLY4    14    20   0.000166   0.000033  
  SLY4    14    22   0.000343   0.000009  
  SLY4    14    24   0.036568   -0.000000  
  SLY4    14    26   0.121109   -0.000000  
  SLY4    14    28   0.110073   -0.000000  
  SLY4    14    30   -0.077088   -0.000000  
  SLY4    14    32   -0.000762   -0.000000  
  SLY4    16    12   0.000000   0.000000  
  SLY4    16    14   -0.000074   0.000020  
  SLY4    16    16   0.000343   0.000000  
  SLY4    16    18   -0.000745   0.000065  
  SLY4    16    20   0.000156   0.000031  
  SLY4    16    22   0.000269   0.000017  
  SLY4    16    24   -0.000042   0.000037  
  SLY4    16    26   0.041917   -0.000000  
  SLY4    16    28   -0.053524   0.000564  
  SLY4    16    30   -0.050705   0.000000  
  SLY4    16    32   -0.000606   -0.000000  
  SLY4    16    34   -0.000377   -0.000000  
  SLY4    18    14   -0.000319   -0.000000  
  SLY4    18    16   -0.000051   0.000018  
  SLY4    18    18   0.000190   0.000009  
  SLY4    18    20   0.000155   0.000017  
  SLY4    18    22   0.000253   0.000125  
  SLY4    18    24   -0.000306   -0.000000  
  SLY4    18    26   -0.000470   0.000000  
  SLY4    18    28   0.000571   -0.000000  
  SLY4    18    30   -0.000469   0.000000  
  SLY4    18    32   -0.000351   -0.000000  
  SLY4    18    34   -0.000272   0.000000  
  SLY4    18    36   -0.000224   -0.000000  
  SLY4    18    38   -0.000185   -0.000000  
  SLY4    18    40   -0.000188   0.000000  
  SLY4    20    16   0.000093   0.000024  
  SLY4    20    18   0.000037   0.000052  
  SLY4    20    20   0.000109   0.000036  
  SLY4    20    22   0.000149   0.000021  
  SLY4    20    24   0.000219   0.000003  
  SLY4    20    26   -0.000269   -0.000000  
  SLY4    20    28   0.000295   -0.000000  
  SLY4    20    30   -0.000273   0.000000  
  SLY4    20    32   0.000238   0.000003  
  SLY4    20    34   -0.000209   -0.000000  
  SLY4    20    36   0.000167   -0.000034  
  SLY4    20    38   0.000139   -0.000070  
  SLY4    20    40   0.000089   -0.000139  
  SLY4    20    42   -0.000147   0.000000  
  SLY4    20    44   0.000190   -0.000000  
  SLY4    20    46   0.000040   0.000001  
  SLY4    20    48   0.000029   -0.000001  
  SLY4    22    18   -0.000026   0.000057  
  SLY4    22    20   0.000076   0.000058  
  SLY4    22    22   0.000164   0.000014  
  SLY4    22    24   0.000050   0.000024  
  SLY4    22    26   -0.000296   -0.000000  
  SLY4    22    28   0.000324   -0.000000  
  SLY4    22    30   0.000310   -0.000000  
  SLY4    22    32   -0.000291   -0.000000  
  SLY4    22    34   -0.000253   0.000042  
  SLY4    22    36   0.000214   -0.000008  
  SLY4    22    38   0.000171   -0.000000  
  SLY4    22    40   0.000144   0.000000  
  SLY4    22    42   0.000133   -0.000072  
  SLY4    22    44   -0.000000   0.000000  
  SLY4    22    46   -0.000000   0.000000  
  SLY4    22    48   0.000002   0.000000  
  SLY4    22    50   -0.000343   -0.000000  
  SLY4    24    20   -0.000020   0.000019  
  SLY4    24    22   0.000239   0.000002  
  SLY4    24    24   0.000193   0.000037  
  SLY4    24    26   -0.000485   -0.000000  
  SLY4    24    28   0.001107   -0.000000  
  SLY4    24    30   -0.004040   -0.000000  
  SLY4    24    32   0.006395   0.000000  
  SLY4    24    34   0.006137   0.000000  
  SLY4    24    36   0.000352   -0.000000  
  SLY4    24    38   -0.000242   -0.000000  
  SLY4    24    40   -0.000186   -0.000000  
  SLY4    24    42   0.000189   -0.000022  
  SLY4    24    44   -0.000000   -0.000000  
  SLY4    24    46   0.004016   -0.000000  
  SLY4    24    48   0.000357   -0.000000  
  SLY4    24    50   -0.000410   -0.000000  
  SLY4    24    52   -0.002018   -0.000000  
  SLY4    24    54   0.000005   -0.000000  
  SLY4    26    20   0.000273   0.000002  
  SLY4    26    22   -0.000294   0.000013  
  SLY4    26    24   -0.000000   -0.000000  
  SLY4    26    26   -0.000000   0.000000  
  SLY4    26    28   -0.000814   0.000000  
  SLY4    26    30   -0.000000   0.000000  
  SLY4    26    32   -0.014177   -0.000000  
  SLY4    26    34   -0.000000   0.000000  
  SLY4    26    36   0.000535   -0.000000  
  SLY4    26    38   0.000310   -0.000000  
  SLY4    26    40   0.000221   -0.000000  
  SLY4    26    42   0.000206   -0.000000  
  SLY4    26    44   -0.000246   -0.000000  
  SLY4    26    46   -0.000300   -0.000000  
  SLY4    26    48   0.000330   -0.000000  
  SLY4    26    50   0.000375   -0.000000  
  SLY4    26    52   0.000460   -0.000000  
  SLY4    26    54   -0.002576   -0.000000  
  SLY4    26    56   -0.000573   -0.000000  
  SLY4    26    58   -0.000507   -0.000000  
  SLY4    28    24   -0.000589   0.000005  
  SLY4    28    26   0.005062   -0.000000  
  SLY4    28    28   0.001118   -0.000000  
  SLY4    28    30   0.001348   -0.000000  
  SLY4    28    32   -0.000000   0.000000  
  SLY4    28    34   -0.000000   -0.000000  
  SLY4    28    36   0.000837   -0.000000  
  SLY4    28    38   0.000386   -0.000000  
  SLY4    28    40   0.000252   -0.000000  
  SLY4    28    42   0.000227   0.000000  
  SLY4    28    44   0.000264   -0.000000  
  SLY4    28    46   0.000314   -0.000000  
  SLY4    28    48   0.000327   -0.000000  
  SLY4    28    50   0.000360   -0.000000  
  SLY4    28    52   0.000491   -0.000000  
  SLY4    28    54   0.000799   -0.000000  
  SLY4    28    56   -0.001177   0.000000  
  SLY4    28    58   0.001882   0.000000  
  SLY4    28    60   0.002735   0.000000  
  SLY4    30    26   -0.000000   -0.000000  
  SLY4    30    28   0.002172   -0.000000  
  SLY4    30    30   -0.054040   -0.000000  
  SLY4    30    32   -0.104887   0.000000  
  SLY4    30    34   -0.111698   -0.000000  
  SLY4    30    36   -0.082673   0.000000  
  SLY4    30    38   0.000616   -0.000000  
  SLY4    30    40   -0.000329   -0.000000  
  SLY4    30    42   0.000291   -0.000000  
  SLY4    30    44   -0.001104   0.000000  
  SLY4    30    46   -0.001474   -0.000000  
  SLY4    30    48   0.000460   -0.000000  
  SLY4    30    50   -0.000534   0.000000  
  SLY4    30    52   0.000000   -0.000000  
  SLY4    30    54   0.085442   0.000008  
  SLY4    30    56   0.113385   0.000012  
  SLY4    30    58   0.122763   -0.000000  
  SLY4    30    60   -0.140478   -0.000000  
  SLY4    30    62   -0.144190   -0.000000  
  SLY4    30    64   -0.139263   -0.000000  
  SLY4    30    66   -0.127208   -0.000000  
  SLY4    30    68   -0.105769   -0.000000  
  SLY4    32    28   -0.080277   0.000000  
  SLY4    32    30   -0.131433   0.000000  
  SLY4    32    32   -0.157114   -0.000000  
  SLY4    32    34   -0.165074   -0.000000  
  SLY4    32    36   -0.155016   -0.000000  
  SLY4    32    38   -0.122080   -0.000000  
  SLY4    32    40   0.000462   -0.000000  
  SLY4    32    42   0.000386   -0.000000  
  SLY4    32    44   0.085506   0.000331  
  SLY4    32    46   0.091627   0.000144  
  SLY4    32    48   0.078388   0.000000  
  SLY4    32    50   -0.005351   -0.000000  
  SLY4    32    52   0.107198   0.000390  
  SLY4    32    54   0.141204   0.000000  
  SLY4    32    56   0.163411   0.000000  
  SLY4    32    58   0.174703   -0.000000  
  SLY4    32    60   -0.183742   0.000000  
  SLY4    32    62   -0.188029   -0.000000  
  SLY4    32    64   -0.187520   0.000000  
  SLY4    32    66   -0.183399   0.000000  
  SLY4    32    68   -0.175165   -0.000000  
  SLY4    32    70   0.206548   0.000475  
  SLY4    32    72   0.184428   0.000300  
  SLY4    32    74   0.158847   0.000000  
  SLY4    32    76   0.137067   0.000094  
  SLY4    34    30   -0.141070   0.000000  
  SLY4    34    32   -0.169767   -0.000000  
  SLY4    34    34   -0.181247   -0.000000  
  SLY4    34    36   -0.175385   -0.000000  
  SLY4    34    38   -0.149870   0.000000  
  SLY4    34    40   0.000504   -0.000000  
  SLY4    34    42   0.000407   -0.000000  
  SLY4    34    44   0.074841   0.000166  
  SLY4    34    46   0.090859   0.000000  
  SLY4    34    48   0.047288   -0.000000  
  SLY4    34    50   -0.006114   -0.000000  
  SLY4    34    52   0.093564   -0.000000  
  SLY4    34    54   0.141319   0.000980  
  SLY4    34    56   0.168507   0.001793  
  SLY4    34    58   -0.183916   -0.000000  
  SLY4    34    60   -0.197057   -0.000000  
  SLY4    34    62   -0.202566   0.000000  
  SLY4    34    64   -0.202517   0.000000  
  SLY4    34    66   -0.199389   -0.000000  
  SLY4    34    68   -0.192982   0.000000  
  SLY4    34    70   -0.182052   -0.000000  
  SLY4    34    72   -0.162822   -0.000000  
  SLY4    34    74   0.109865   0.000000  
  SLY4    34    76   0.098632   0.000020  
  SLY4    34    78   0.074534   0.000000  
  SLY4    34    80   -0.000001   0.000000  
  SLY4    36    34   -0.182889   0.000000  
  SLY4    36    36   -0.177108   0.000000  
  SLY4    36    38   -0.137866   -0.000000  
  SLY4    36    40   0.000398   0.000000  
  SLY4    36    42   0.000325   0.000000  
  SLY4    36    44   0.000000   0.000000  
  SLY4    36    46   0.040745   0.000000  
  SLY4    36    48   0.000000   0.000000  
  SLY4    36    50   0.000752   0.000000  
  SLY4    36    52   -0.052533   -0.000000  
  SLY4    36    54   -0.115287   -0.000000  
  SLY4    36    56   -0.155756   -0.000000  
  SLY4    36    58   -0.184018   -0.000000  
  SLY4    36    60   -0.200255   0.000000  
  SLY4    36    62   -0.206963   0.000000  
  SLY4    36    64   -0.206404   0.000000  
  SLY4    36    66   -0.202572   0.000000  
  SLY4    36    68   -0.196103   -0.000000  
  SLY4    36    70   -0.183089   0.000000  
  SLY4    36    72   -0.143891   0.000000  
  SLY4    36    74   -0.000000   -0.000000  
  SLY4    36    76   0.018751   -0.000000  
  SLY4    36    78   -0.001527   0.000000  
  SLY4    36    80   0.000299   0.000000  
  SLY4    36    82   0.003397   0.000000  
  SLY4    38    36   -0.148123   -0.000000  
  SLY4    38    38   0.000470   0.000000  
  SLY4    38    40   -0.000270   0.000000  
  SLY4    38    42   -0.000231   0.000000  
  SLY4    38    44   -0.000267   -0.000000  
  SLY4    38    46   -0.000303   0.000000  
  SLY4    38    48   0.000284   -0.000000  
  SLY4    38    50   0.000307   -0.000000  
  SLY4    38    52   0.000632   -0.000000  
  SLY4    38    54   -0.070652   -0.000000  
  SLY4    38    56   -0.131582   -0.000000  
  SLY4    38    58   -0.172174   -0.000000  
  SLY4    38    60   -0.193134   0.000000  
  SLY4    38    62   -0.200245   0.000000  
  SLY4    38    64   -0.197919   -0.000000  
  SLY4    38    66   -0.195473   -0.000000  
  SLY4    38    68   -0.187373   0.000000  
  SLY4    38    70   -0.163601   0.000000  
  SLY4    38    72   0.000382   0.000000  
  SLY4    38    74   0.000299   -0.000000  
  SLY4    38    76   0.000258   -0.000000  
  SLY4    38    78   -0.000217   -0.000000  
  SLY4    38    80   0.000186   -0.000000  
  SLY4    38    82   0.000186   0.000000  
  SLY4    40    36   0.000562   0.000000  
  SLY4    40    38   0.000296   0.000000  
  SLY4    40    40   -0.000197   -0.000000  
  SLY4    40    42   -0.000176   0.000000  
  SLY4    40    44   -0.000194   -0.000000  
  SLY4    40    46   -0.000210   -0.000000  
  SLY4    40    48   -0.000199   -0.000000  
  SLY4    40    50   0.000201   0.000000  
  SLY4    40    52   0.000293   -0.000000  
  SLY4    40    54   0.001235   -0.000000  
  SLY4    40    56   -0.000000   -0.000000  
  SLY4    40    58   -0.158815   -0.000000  
  SLY4    40    60   -0.178896   -0.000000  
  SLY4    40    62   -0.187592   0.000000  
  SLY4    40    64   -0.190945   0.000000  
  SLY4    40    66   -0.190061   -0.000000  
  SLY4    40    68   -0.183023   0.000000  
  SLY4    40    70   -0.166568   0.000000  
  SLY4    40    72   0.000260   0.000000  
  SLY4    40    74   0.000217   -0.000000  
  SLY4    40    76   0.000189   -0.000000  
  SLY4    40    78   0.000166   0.000000  
  SLY4    40    80   0.000142   -0.000000  
  SLY4    40    82   0.000140   -0.000000  
  SLY4    40    84   0.000169   -0.000000  
  SLY4    42    40   -0.000179   -0.000000  
  SLY4    42    42   -0.000157   0.000000  
  SLY4    42    44   0.000167   0.000000  
  SLY4    42    46   -0.000000   0.000000  
  SLY4    42    48   -0.000171   -0.000000  
  SLY4    42    50   0.000171   0.000000  
  SLY4    42    52   0.000233   0.000000  
  SLY4    42    54   0.000406   0.000000  
  SLY4    42    56   0.000794   0.000000  
  SLY4    42    58   -0.120627   -0.000000  
  SLY4    42    60   -0.158160   -0.000000  
  SLY4    42    62   -0.175573   0.000000  
  SLY4    42    64   -0.182836   0.000000  
  SLY4    42    66   -0.182826   -0.000000  
  SLY4    42    68   -0.174707   -0.000000  
  SLY4    42    70   0.000321   0.000000  
  SLY4    42    72   0.000235   0.000000  
  SLY4    42    74   0.000197   0.000000  
  SLY4    42    76   0.000172   0.000000  
  SLY4    42    78   0.000147   0.000000  
  SLY4    42    80   -0.000125   0.000000  
  SLY4    42    82   0.000122   0.000000  
  SLY4    42    84   0.000145   0.000000  
  SLY4    42    86   0.000198   0.000000  
  SLY4    42    88   0.000259   0.000000  
  SLY4    44    42   -0.000162   0.000000  
  SLY4    44    44   -0.000000   0.000000  
  SLY4    44    46   -0.000000   0.000000  
  SLY4    44    48   0.000166   0.000000  
  SLY4    44    50   -0.000164   0.000000  
  SLY4    44    52   0.000232   0.000000  
  SLY4    44    54   -0.000000   0.000000  
  SLY4    44    56   0.078350   0.000000  
  SLY4    44    58   0.116496   0.000000  
  SLY4    44    60   0.135051   0.000000  
  SLY4    44    62   -0.156357   -0.000000  
  SLY4    44    64   -0.168311   -0.000000  
  SLY4    44    66   -0.169779   0.000000  
  SLY4    44    68   -0.158255   0.000000  
  SLY4    44    70   0.000000   0.000000  
  SLY4    44    72   0.000000   0.000000  
  SLY4    44    74   0.000000   0.000000  
  SLY4    44    76   0.000000   0.000000  
  SLY4    44    78   0.000145   0.000000  
  SLY4    44    80   0.000120   0.000000  
  SLY4    44    82   0.000115   0.000000  
  SLY4    44    84   0.000135   0.000000  
  SLY4    44    86   0.000187   0.000000  
  SLY4    44    88   -0.000263   0.000000  
  SLY4    44    90   0.015027   0.000000  
  SLY4    44    92   -0.000000   0.000000  
  SLY4    46    44   -0.000000   0.000000  
  SLY4    46    46   -0.000000   0.000000  
  SLY4    46    48   -0.000163   0.000000  
  SLY4    46    50   -0.000163   0.000000  
  SLY4    46    52   0.000230   0.000000  
  SLY4    46    54   -0.000000   0.000000  
  SLY4    46    56   0.082069   0.000000  
  SLY4    46    58   0.114013   0.000000  
  SLY4    46    60   0.124558   0.000000  
  SLY4    46    62   0.123359   0.000000  
  SLY4    46    64   0.117710   0.000000  
  SLY4    46    66   0.107744   0.000026  
  SLY4    46    68   0.000000   0.000000  
  SLY4    46    70   0.000000   0.000000  
  SLY4    46    72   0.000000   0.000000  
  SLY4    46    74   0.000000   0.000000  
  SLY4    46    76   0.000000   0.000000  
  SLY4    46    78   0.000000   0.000000  
  SLY4    46    80   0.000117   0.000000  
  SLY4    46    82   0.000107   0.000000  
  SLY4    46    84   0.000126   0.000000  
  SLY4    46    86   0.000182   0.000000  
  SLY4    46    88   -0.000258   -0.000000  
  SLY4    46    90   -0.000000   0.000000  
  SLY4    46    92   0.056862   0.000000  
  SLY4    46    94   0.090076   0.000000  
  SLY4    46    96   0.115164   0.000000  
  SLY4    46    98   0.145971   0.000000  
  SLY4    46   100   0.177606   0.000000  
  SLY4    48    46   0.000171   0.000000  
  SLY4    48    48   0.000153   0.000000  
  SLY4    48    50   -0.000004   0.000000  
  SLY4    48    52   0.000205   0.000000  
  SLY4    48    54   -0.000370   0.000000  
  SLY4    48    56   0.057676   0.000000  
  SLY4    48    58   0.092111   0.000000  
  SLY4    48    60   0.102533   0.000000  
  SLY4    48    62   0.097202   0.000000  
  SLY4    48    64   0.079691   0.000005  
  SLY4    48    66   -0.047274   0.000000  
  SLY4    48    68   0.000936   0.000000  
  SLY4    48    70   0.000380   0.000000  
  SLY4    48    72   0.000260   0.000000  
  SLY4    48    74   0.000200   0.000000  
  SLY4    48    76   0.000160   0.000000  
  SLY4    48    78   0.000130   0.000000  
  SLY4    48    80   0.000104   0.000000  
  SLY4    48    82   0.000095   0.000000  
  SLY4    48    84   0.000114   0.000000  
  SLY4    48    86   0.000158   0.000000  
  SLY4    48    88   -0.000225   -0.000000  
  SLY4    48    90   0.000331   0.000000  
  SLY4    48    92   -0.000560   -0.000000  
  SLY4    48    94   0.084303   0.000000  
  SLY4    48    96   0.115515   0.000000  
  SLY4    48    98   0.139152   0.000000  
  SLY4    48   100   0.203670   0.000000  
  SLY4    48   102   0.215612   0.000000  
  SLY4    48   104   0.212236   0.000000  
  SLY4    48   106   0.196723   0.000000  
  SLY4    48   108   0.169547   0.000000  
  SLY4    48   110   0.122663   0.000000  
  SLY4    50    52   0.000200   0.000000  
  SLY4    50    54   0.000378   0.000000  
  SLY4    50    56   -0.000868   -0.000000  
  SLY4    50    58   0.000000   0.000000  
  SLY4    50    60   0.000000   0.000000  
  SLY4    50    62   -0.061792   -0.000000  
  SLY4    50    64   0.000000   0.000000  
  SLY4    50    66   -0.000000   0.000000  
  SLY4    50    68   -0.000700   -0.000000  
  SLY4    50    70   0.000377   0.000000  
  SLY4    50    72   0.000252   0.000000  
  SLY4    50    74   -0.000194   0.000000  
  SLY4    50    76   -0.000154   -0.000000  
  SLY4    50    78   -0.000124   -0.000000  
  SLY4    50    80   0.000097   0.000000  
  SLY4    50    82   0.000089   0.000000  
  SLY4    50    84   0.000107   0.000000  
  SLY4    50    86   -0.000153   -0.000000  
  SLY4    50    88   0.000217   -0.000000  
  SLY4    50    90   -0.000335   -0.000000  
  SLY4    50    92   -0.000000   0.000000  
  SLY4    50    94   -0.009457   -0.000000  
  SLY4    50    96   0.137722   0.000000  
  SLY4    50    98   0.210018   0.001922  
  SLY4    50   100   0.232266   0.000000  
  SLY4    50   102   0.239339   0.000000  
  SLY4    50   104   0.235893   0.000000  
  SLY4    50   106   0.223856   0.000000  
  SLY4    50   108   0.203359   0.000000  
  SLY4    50   110   -0.103054   0.000000  
  SLY4    50   112   0.020799   -0.000000  
  SLY4    50   114   -0.000000   0.000000  
  SLY4    50   116   0.000407   0.000000  
  SLY4    50   118   -0.000260   -0.000000  
  SLY4    50   120   -0.000184   0.000000  
  SLY4    50   122   -0.000133   -0.000000  
  SLY4    50   124   0.000106   0.000000  
  SLY4    52    56   0.129156   0.000000  
  SLY4    52    58   0.152828   0.000000  
  SLY4    52    60   0.163153   0.000000  
  SLY4    52    62   0.161762   -0.000000  
  SLY4    52    64   -0.132855   0.000000  
  SLY4    52    66   -0.125082   0.000000  
  SLY4    52    68   -0.106596   -0.000000  
  SLY4    52    70   -0.075097   0.000000  
  SLY4    52    72   0.000571   0.000000  
  SLY4    52    74   0.000344   0.000000  
  SLY4    52    76   0.000239   0.000000  
  SLY4    52    78   -0.000175   0.000000  
  SLY4    52    80   0.000127   0.000000  
  SLY4    52    82   0.000113   -0.000000  
  SLY4    52    84   0.000141   0.000007  
  SLY4    52    86   0.000226   0.000001  
  SLY4    52    88   -0.000412   -0.000000  
  SLY4    52    90   0.104590   0.000000  
  SLY4    52    92   0.143593   0.000000  
  SLY4    52    94   0.177030   -0.000000  
  SLY4    52    96   0.209723   0.000000  
  SLY4    52    98   0.234994   0.000000  
  SLY4    52   100   0.249278   0.000000  
  SLY4    52   102   0.254245   0.000000  
  SLY4    52   104   0.251315   0.000000  
  SLY4    52   106   0.241649   0.000000  
  SLY4    52   108   0.225129   0.000000  
  SLY4    52   110   0.201950   0.000000  
  SLY4    52   112   -0.121806   0.000000  
  SLY4    52   114   -0.096455   0.000000  
  SLY4    52   116   -0.059709   0.000000  
  SLY4    52   118   -0.013737   -0.000000  
  SLY4    52   120   0.000500   0.000000  
  SLY4    52   122   -0.000165   -0.000000  
  SLY4    52   124   0.000121   0.000000  
  SLY4    52   126   0.000108   0.000000  
  SLY4    54    58   0.202185   0.000000  
  SLY4    54    60   0.221775   0.000000  
  SLY4    54    62   0.245797   -0.000000  
  SLY4    54    64   0.257760   0.000000  
  SLY4    54    66   0.253346   0.000706  
  SLY4    54    68   0.232585   0.000000  
  SLY4    54    70   0.188909   0.000000  
  SLY4    54    72   -0.114258   0.000000  
  SLY4    54    74   0.078726   -0.000000  
  SLY4    54    76   -0.023581   0.000000  
  SLY4    54    78   0.008741   0.000000  
  SLY4    54    80   0.000181   0.000000  
  SLY4    54    82   0.000151   0.000000  
  SLY4    54    84   0.000210   0.000002  
  SLY4    54    86   0.050192   -0.000000  
  SLY4    54    88   0.124058   0.015552  
  SLY4    54    90   0.159644   0.026456  
  SLY4    54    92   0.185508   0.020917  
  SLY4    54    94   0.209913   0.000000  
  SLY4    54    96   0.233723   0.016841  
  SLY4    54    98   0.252230   0.000000  
  SLY4    54   100   0.263252   -0.000000  
  SLY4    54   102   0.266796   0.000000  
  SLY4    54   104   0.263428   0.000000  
  SLY4    54   106   0.254015   0.000000  
  SLY4    54   108   0.239383   0.000000  
  SLY4    54   110   0.219926   0.000000  
  SLY4    54   112   0.193849   0.000000  
  SLY4    54   114   0.157826   0.000000  
  SLY4    54   116   -0.103508   -0.000000  
  SLY4    54   118   -0.065102   0.000000  
  SLY4    54   120   -0.000000   0.000000  
  SLY4    54   122   -0.000232   0.000000  
  SLY4    54   124   -0.000143   0.000000  
  SLY4    54   126   0.000121   0.000000  
  SLY4    56    60   0.268794   0.000000  
  SLY4    56    62   0.296221   0.000000  
  SLY4    56    64   0.299464   0.000000  
  SLY4    56    66   0.289355   0.000849  
  SLY4    56    68   0.269998   0.000692  
  SLY4    56    70   0.237304   -0.000000  
  SLY4    56    72   0.193199   0.000000  
  SLY4    56    74   0.144327   0.000000  
  SLY4    56    76   0.090141   -0.000000  
  SLY4    56    78   0.034423   -0.000000  
  SLY4    56    80   0.000240   0.000000  
  SLY4    56    82   0.000189   0.000002  
  SLY4    56    84   0.000288   0.000000  
  SLY4    56    86   0.095940   0.011581  
  SLY4    56    88   0.153163   0.041041  
  SLY4    56    90   0.185396   0.058765  
  SLY4    56    92   0.210398   0.057282  
  SLY4    56    94   0.234857   0.032214  
  SLY4    56    96   0.257704   0.000000  
  SLY4    56    98   0.272649   0.000003  
  SLY4    56   100   0.280278   0.000000  
  SLY4    56   102   0.281719   0.000000  
  SLY4    56   104   0.276972   0.000000  
  SLY4    56   106   0.266297   0.000000  
  SLY4    56   108   0.251044   0.000000  
  SLY4    56   110   0.232619   0.000000  
  SLY4    56   112   0.210442   -0.000000  
  SLY4    56   114   0.181852   0.000000  
  SLY4    56   116   0.144860   0.000000  
  SLY4    56   118   0.099290   0.000000  
  SLY4    56   120   -0.043052   -0.000000  
  SLY4    56   122   -0.000304   -0.000000  
  SLY4    56   124   0.000160   0.000000  
  SLY4    56   126   0.000126   0.000000  
  SLY4    58    60   0.325388   -0.000000  
  SLY4    58    62   0.341131   -0.000000  
  SLY4    58    64   0.337940   0.000000  
  SLY4    58    66   0.324779   -0.000000  
  SLY4    58    68   0.304459   0.000000  
  SLY4    58    70   0.274595   0.000000  
  SLY4    58    72   0.230540   -0.000000  
  SLY4    58    74   0.179241   -0.000000  
  SLY4    58    76   0.124487   -0.000000  
  SLY4    58    78   0.072233   -0.000000  
  SLY4    58    80   -0.001601   -0.000000  
  SLY4    58    82   0.000221   0.000000  
  SLY4    58    84   0.002942   0.000020  
  SLY4    58    86   0.111331   0.021722  
  SLY4    58    88   0.167785   0.059267  
  SLY4    58    90   0.201777   0.070974  
  SLY4    58    92   0.231706   0.063606  
  SLY4    58    94   0.264788   0.000000  
  SLY4    58    96   0.284455   -0.000000  
  SLY4    58    98   0.294796   0.000000  
  SLY4    58   100   0.299340   0.000000  
  SLY4    58   102   0.298977   -0.000000  
  SLY4    58   104   0.293343   0.000000  
  SLY4    58   106   0.281182   0.000000  
  SLY4    58   108   0.263189   -0.000000  
  SLY4    58   110   0.243471   0.000000  
  SLY4    58   112   0.222812   0.000000  
  SLY4    58   114   0.197185   0.000000  
  SLY4    58   116   0.162353   -0.000000  
  SLY4    58   118   0.119217   0.000000  
  SLY4    58   120   0.065604   0.000000  
  SLY4    58   122   0.000366   -0.000000  
  SLY4    58   124   0.000170   0.000000  
  SLY4    58   126   0.000124   -0.000000  
  SLY4    60    64   0.359395   -0.000000  
  SLY4    60    66   0.348231   0.000000  
  SLY4    60    68   0.333731   0.000000  
  SLY4    60    70   0.315252   -0.000000  
  SLY4    60    72   0.267589   0.000000  
  SLY4    60    74   0.208377   0.000178  
  SLY4    60    76   0.141581   0.000000  
  SLY4    60    78   0.088828   -0.000000  
  SLY4    60    80   0.000337   -0.000000  
  SLY4    60    82   -0.000234   0.000000  
  SLY4    60    84   0.000419   -0.000000  
  SLY4    60    86   0.112578   0.021442  
  SLY4    60    88   0.175029   0.061719  
  SLY4    60    90   0.216067   0.063848  
  SLY4    60    92   0.261680   -0.000000  
  SLY4    60    94   0.290375   0.000001  
  SLY4    60    96   0.304620   0.000001  
  SLY4    60    98   0.311554   0.000001  
  SLY4    60   100   0.314307   0.000001  
  SLY4    60   102   0.313587   0.002354  
  SLY4    60   104   0.308827   0.002009  
  SLY4    60   106   0.298899   0.003113  
  SLY4    60   108   0.276018   0.000000  
  SLY4    60   110   0.254656   -0.000000  
  SLY4    60   112   0.233851   0.000000  
  SLY4    60   114   0.209861   0.000000  
  SLY4    60   116   0.176777   0.000000  
  SLY4    60   118   -0.125921   -0.000000  
  SLY4    60   120   -0.079648   -0.000000  
  SLY4    60   122   0.000403   -0.000000  
  SLY4    60   124   0.000170   0.000000  
  SLY4    60   126   0.000125   0.000000  
  SLY4    62    68   0.345453   0.000532  
  SLY4    62    70   0.334666   0.000602  
  SLY4    62    72   0.319782   0.000777  
  SLY4    62    74   0.225233   0.000000  
  SLY4    62    76   -0.147600   -0.000000  
  SLY4    62    78   0.088468   0.000000  
  SLY4    62    80   0.004987   0.000000  
  SLY4    62    82   0.000244   -0.000000  
  SLY4    62    84   0.000442   0.000000  
  SLY4    62    86   0.110104   -0.000000  
  SLY4    62    88   0.180519   0.040902  
  SLY4    62    90   0.238069   0.000000  
  SLY4    62    92   0.278428   -0.000000  
  SLY4    62    94   0.301844   0.000000  
  SLY4    62    96   0.313297   -0.000000  
  SLY4    62    98   0.318924   -0.000000  
  SLY4    62   100   0.320974   0.000000  
  SLY4    62   102   0.319877   -0.000000  
  SLY4    62   104   0.315069   0.000000  
  SLY4    62   106   0.305435   0.000000  
  SLY4    62   108   0.285710   0.000000  
  SLY4    62   110   0.265365   0.000000  
  SLY4    62   112   0.245357   0.000000  
  SLY4    62   114   0.222375   0.000000  
  SLY4    62   116   0.188935   -0.000000  
  SLY4    62   118   -0.138394   0.000000  
  SLY4    62   120   -0.094601   0.000000  
  SLY4    62   122   0.000434   0.000000  
  SLY4    62   124   0.000169   0.000000  
  SLY4    62   126   0.000123   -0.000000  
  SLY4    64    70   0.338200   0.000150  
  SLY4    64    72   0.329343   0.000397  
  SLY4    64    74   -0.193815   0.000000  
  SLY4    64    76   -0.160234   0.000000  
  SLY4    64    78   0.064265   0.000000  
  SLY4    64    80   0.000345   0.000000  
  SLY4    64    82   0.000237   0.000000  
  SLY4    64    84   0.000433   0.000000  
  SLY4    64    86   0.103178   0.000000  
  SLY4    64    88   0.188541   -0.000000  
  SLY4    64    90   0.242557   0.000000  
  SLY4    64    92   0.280312   0.000000  
  SLY4    64    94   0.302134   0.000000  
  SLY4    64    96   0.313278   0.000000  
  SLY4    64    98   0.318790   -0.000000  
  SLY4    64   100   0.320642   0.000000  
  SLY4    64   102   0.319187   0.000000  
  SLY4    64   104   0.314055   0.000000  
  SLY4    64   106   0.304413   -0.000000  
  SLY4    64   108   0.290211   -0.000000  
  SLY4    64   110   0.273401   0.000000  
  SLY4    64   112   0.256177   -0.000000  
  SLY4    64   114   0.235605   0.000000  
  SLY4    64   116   -0.173086   0.000000  
  SLY4    64   118   -0.149725   -0.000000  
  SLY4    64   120   -0.106201   -0.000000  
  SLY4    64   122   -0.007378   -0.000000  
  SLY4    64   124   0.000172   0.000000  
  SLY4    64   126   0.000122   -0.000000  
  SLY4    64   128   0.000137   0.000000  
  SLY4    66    72   0.329412   0.000105  
  SLY4    66    74   -0.196552   0.000000  
  SLY4    66    76   -0.166564   0.000000  
  SLY4    66    78   -0.114056   0.000000  
  SLY4    66    80   0.000334   -0.000000  
  SLY4    66    82   0.000230   -0.000000  
  SLY4    66    84   0.000420   0.000000  
  SLY4    66    86   0.096076   0.000000  
  SLY4    66    88   0.183229   0.000000  
  SLY4    66    90   0.235988   0.000000  
  SLY4    66    92   0.272037   0.000000  
  SLY4    66    94   0.295346   0.000000  
  SLY4    66    96   0.308336   0.000000  
  SLY4    66    98   0.314811   0.000000  
  SLY4    66   100   0.316949   0.000000  
  SLY4    66   102   0.315391   0.000000  
  SLY4    66   104   0.310175   0.000000  
  SLY4    66   106   0.301427   0.000000  
  SLY4    66   108   0.290004   0.000000  
  SLY4    66   110   0.276911   0.000000  
  SLY4    66   112   0.263502   0.000000  
  SLY4    66   114   0.246722   0.000000  
  SLY4    66   116   -0.177155   -0.000000  
  SLY4    66   118   -0.156469   -0.000000  
  SLY4    66   120   -0.116375   0.000000  
  SLY4    66   122   0.011688   -0.000000  
  SLY4    66   124   0.000177   0.000000  
  SLY4    66   126   0.000120   0.000000  
  SLY4    66   128   0.000139   0.000000  
  SLY4    66   130   0.000224   -0.000000  
  SLY4    66   132   0.000000   0.000000  
  SLY4    66   134   0.079679   0.074411  
  SLY4    66   136   0.131934   0.084106  
  SLY4    66   138   0.186935   0.000000  
  SLY4    66   140   0.224117   0.000000  
  SLY4    66   142   0.249097   0.000000  
  SLY4    66   144   0.263867   0.000000  
  SLY4    66   146   0.272351   0.000000  
  SLY4    66   148   0.276963   0.000000  
  SLY4    68    76   -0.165734   -0.000000  
  SLY4    68    78   -0.118365   0.000000  
  SLY4    68    80   -0.000319   -0.000000  
  SLY4    68    82   0.000223   0.000000  
  SLY4    68    84   0.000399   -0.000000  
  SLY4    68    86   0.086660   0.000000  
  SLY4    68    88   0.168626   0.000000  
  SLY4    68    90   0.219269   0.000000  
  SLY4    68    92   0.255200   -0.000000  
  SLY4    68    94   0.282098   0.000000  
  SLY4    68    96   0.299260   -0.000000  
  SLY4    68    98   0.308393   0.000000  
  SLY4    68   100   0.311629   -0.000000  
  SLY4    68   102   0.310307   0.000000  
  SLY4    68   104   0.304972   0.000000  
  SLY4    68   106   0.296618   -0.000000  
  SLY4    68   108   0.286383   0.000000  
  SLY4    68   110   0.275286   -0.000000  
  SLY4    68   112   0.262954   0.000000  
  SLY4    68   114   0.247732   -0.000000  
  SLY4    68   116   -0.177760   -0.000000  
  SLY4    68   118   -0.158444   0.000000  
  SLY4    68   120   -0.121194   -0.000000  
  SLY4    68   122   -0.059285   -0.000000  
  SLY4    68   124   0.000182   0.000000  
  SLY4    68   126   0.000120   0.000000  
  SLY4    68   128   0.000135   0.000000  
  SLY4    68   130   0.000225   0.000000  
  SLY4    68   132   0.021440   0.035731  
  SLY4    68   134   0.069640   0.065754  
  SLY4    68   136   0.141240   0.000000  
  SLY4    68   138   0.181380   0.000000  
  SLY4    68   140   0.213928   0.000000  
  SLY4    68   142   0.238842   0.000000  
  SLY4    68   144   0.255462   0.000000  
  SLY4    68   146   0.265503   0.000000  
  SLY4    68   148   0.270951   0.000000  
  SLY4    68   150   0.273171   0.000001  
  SLY4    68   152   0.273311   0.000000  
  SLY4    68   154   0.271937   0.000000  
  SLY4    70    78   -0.109602   0.000000  
  SLY4    70    80   0.000300   0.000000  
  SLY4    70    82   -0.000213   -0.000000  
  SLY4    70    84   0.000367   0.000000  
  SLY4    70    86   0.079039   0.000000  
  SLY4    70    88   0.152259   0.000000  
  SLY4    70    90   0.198184   0.000000  
  SLY4    70    92   0.231838   0.000000  
  SLY4    70    94   0.260650   0.001519  
  SLY4    70    96   0.284200   0.000000  
  SLY4    70    98   0.298269   0.000000  
  SLY4    70   100   0.303955   0.000000  
  SLY4    70   102   0.303144   0.000000  
  SLY4    70   104   0.297401   0.000000  
  SLY4    70   106   0.288437   -0.000000  
  SLY4    70   108   0.278015   0.000000  
  SLY4    70   110   0.266507   0.000000  
  SLY4    70   112   0.252883   0.000000  
  SLY4    70   114   0.233501   -0.000000  
  SLY4    70   116   -0.173877   -0.000000  
  SLY4    70   118   -0.154076   0.000000  
  SLY4    70   120   -0.118846   -0.000000  
  SLY4    70   122   -0.065999   -0.000000  
  SLY4    70   124   0.000182   0.000000  
  SLY4    70   126   0.000031   0.000000  
  SLY4    70   128   -0.000131   -0.000000  
  SLY4    70   130   0.000225   -0.000000  
  SLY4    70   132   0.020060   0.000000  
  SLY4    70   134   0.081904   0.000000  
  SLY4    70   136   0.138502   0.000000  
  SLY4    70   138   0.172725   0.000000  
  SLY4    70   140   0.202260   0.000001  
  SLY4    70   142   0.226480   0.000000  
  SLY4    70   144   0.244490   0.000000  
  SLY4    70   146   0.256156   0.000000  
  SLY4    70   148   0.262669   0.000000  
  SLY4    70   150   0.265525   0.000000  
  SLY4    70   152   0.265883   0.000000  
  SLY4    70   154   0.264460   0.000000  
  SLY4    70   156   0.261474   0.000000  
  SLY4    70   158   0.256891   0.000000  
  SLY4    72    80   -0.000268   -0.000000  
  SLY4    72    82   -0.000196   -0.000000  
  SLY4    72    84   0.000321   0.000000  
  SLY4    72    86   0.088813   0.000000  
  SLY4    72    88   0.151565   0.000000  
  SLY4    72    90   0.184219   0.000000  
  SLY4    72    92   0.212014   0.000000  
  SLY4    72    94   0.238154   0.000000  
  SLY4    72    96   0.268434   0.000000  
  SLY4    72    98   0.295053   0.000000  
  SLY4    72   100   0.300826   0.000000  
  SLY4    72   102   0.297720   0.000000  
  SLY4    72   104   0.288151   0.000000  
  SLY4    72   106   0.275850   0.000000  
  SLY4    72   108   0.263679   0.000000  
  SLY4    72   110   0.250836   0.000000  
  SLY4    72   112   0.235330   -0.000000  
  SLY4    72   114   0.214717   -0.000000  
  SLY4    72   116   -0.166652   -0.000000  
  SLY4    72   118   -0.148406   0.000000  
  SLY4    72   120   -0.116410   0.000000  
  SLY4    72   122   -0.079880   -0.000000  
  SLY4    72   124   0.000179   0.000000  
  SLY4    72   126   0.000115   0.000000  
  SLY4    72   128   0.000131   0.000000  
  SLY4    72   130   0.000455   0.000000  
  SLY4    72   132   0.000000   0.000000  
  SLY4    72   134   0.095678   0.000000  
  SLY4    72   136   0.134471   0.000000  
  SLY4    72   138   0.167095   0.000000  
  SLY4    72   140   0.193723   0.000000  
  SLY4    72   142   0.217696   0.000000  
  SLY4    72   144   0.236641   0.000000  
  SLY4    72   146   0.249250   0.000000  
  SLY4    72   148   0.256087   0.000000  
  SLY4    72   150   0.258868   0.000001  
  SLY4    72   152   0.258699   0.000000  
  SLY4    72   154   0.256640   0.000000  
  SLY4    72   156   0.253121   0.000000  
  SLY4    72   158   0.247476   0.000000  
  SLY4    72   160   0.239692   0.000000  
  SLY4    74    84   -0.003903   0.000000  
  SLY4    74    86   0.063909   0.000000  
  SLY4    74    88   0.146293   0.000000  
  SLY4    74    90   0.163161   0.000000  
  SLY4    74    92   0.187102   0.000000  
  SLY4    74    94   0.209392   0.000000  
  SLY4    74    96   0.237715   0.000000  
  SLY4    74    98   0.269487   0.000000  
  SLY4    74   100   0.292410   0.000000  
  SLY4    74   102   0.291098   0.000000  
  SLY4    74   104   0.274753   0.000000  
  SLY4    74   106   0.257977   0.000000  
  SLY4    74   108   0.244427   0.000000  
  SLY4    74   110   0.229872   -0.000000  
  SLY4    74   112   0.211887   -0.000000  
  SLY4    74   114   0.189239   -0.000000  
  SLY4    74   116   -0.153359   -0.000000  
  SLY4    74   118   -0.134396   0.000000  
  SLY4    74   120   -0.106511   -0.000000  
  SLY4    74   122   -0.075101   -0.000000  
  SLY4    74   124   0.000165   0.000000  
  SLY4    74   126   0.000107   0.000000  
  SLY4    74   128   0.000122   0.000000  
  SLY4    74   130   0.000276   0.000000  
  SLY4    74   132   -0.016254   -0.000000  
  SLY4    74   134   0.080992   -0.000000  
  SLY4    74   136   0.122166   0.000000  
  SLY4    74   138   0.151682   0.000000  
  SLY4    74   140   0.179461   0.000000  
  SLY4    74   142   0.207089   0.000000  
  SLY4    74   144   0.228946   0.000000  
  SLY4    74   146   0.243071   0.000000  
  SLY4    74   148   0.250406   0.000000  
  SLY4    74   150   0.253366   0.000000  
  SLY4    74   152   0.252951   0.000000  
  SLY4    74   154   0.249385   0.000000  
  SLY4    74   156   0.245495   0.000000  
  SLY4    74   158   0.238668   0.000000  
  SLY4    74   160   0.229253   0.000000  
  SLY4    74   162   0.218222   0.000000  
  SLY4    74   164   0.205958   0.000000  
  SLY4    74   166   0.192547   0.000000  
  SLY4    76    86   0.037024   0.000000  
  SLY4    76    88   0.091832   -0.000000  
  SLY4    76    90   0.131676   0.000000  
  SLY4    76    92   0.159021   0.000000  
  SLY4    76    94   0.177866   0.000000  
  SLY4    76    96   0.200681   0.000000  
  SLY4    76    98   0.268786   0.000000  
  SLY4    76   100   0.282449   0.000000  
  SLY4    76   102   0.282351   0.000000  
  SLY4    76   104   0.266779   0.000000  
  SLY4    76   106   0.241756   0.000000  
  SLY4    76   108   0.224603   0.000000  
  SLY4    76   110   0.207303   -0.000000  
  SLY4    76   112   -0.162814   -0.000000  
  SLY4    76   114   -0.151972   -0.000000  
  SLY4    76   116   -0.138832   -0.000000  
  SLY4    76   118   -0.120633   -0.000000  
  SLY4    76   120   -0.097365   0.000000  
  SLY4    76   122   -0.066395   -0.000000  
  SLY4    76   124   -0.000270   -0.000000  
  SLY4    76   126   0.000095   0.000000  
  SLY4    76   128   0.000107   0.000000  
  SLY4    76   130   0.000159   0.000000  
  SLY4    76   132   0.000000   0.000000  
  SLY4    76   134   0.000000   0.000000  
  SLY4    76   136   0.098959   -0.000000  
  SLY4    76   138   0.130265   0.000001  
  SLY4    76   140   0.162937   0.000000  
  SLY4    76   142   0.198558   0.000000  
  SLY4    76   144   0.223145   0.000000  
  SLY4    76   146   0.238457   0.000000  
  SLY4    76   148   0.246650   0.000000  
  SLY4    76   150   0.249983   0.000001  
  SLY4    76   152   0.249693   0.000001  
  SLY4    76   154   0.246626   0.000000  
  SLY4    76   156   0.240940   0.000000  
  SLY4    76   158   0.232450   0.000000  
  SLY4    76   160   0.221392   0.000000  
  SLY4    76   162   0.208425   0.000000  
  SLY4    76   164   0.194321   0.000000  
  SLY4    76   166   0.179162   0.000000  
  SLY4    76   168   0.162304   0.000000  
  SLY4    76   170   -0.136967   0.000000  
  SLY4    76   172   -0.123879   0.000000  
  SLY4    78    90   0.091392   0.000000  
  SLY4    78    92   0.114985   0.000000  
  SLY4    78    94   0.134875   0.000000  
  SLY4    78    96   0.153864   0.000000  
  SLY4    78    98   0.173729   0.000000  
  SLY4    78   100   0.276503   0.000000  
  SLY4    78   102   0.278184   0.000000  
  SLY4    78   104   0.266948   0.000000  
  SLY4    78   106   -0.172882   -0.000000  
  SLY4    78   108   -0.165316   -0.000000  
  SLY4    78   110   -0.156912   -0.000000  
  SLY4    78   112   -0.147582   -0.000000  
  SLY4    78   114   -0.137331   -0.000000  
  SLY4    78   116   -0.123909   -0.000000  
  SLY4    78   118   -0.105269   -0.000000  
  SLY4    78   120   -0.081423   -0.000000  
  SLY4    78   122   -0.000000   0.000000  
  SLY4    78   124   0.000113   0.000000  
  SLY4    78   126   0.000082   0.000000  
  SLY4    78   128   0.000090   0.000000  
  SLY4    78   130   0.000125   0.000000  
  SLY4    78   132   0.000185   0.000000  
  SLY4    78   134   0.000000   0.000000  
  SLY4    78   136   0.000000   0.000000  
  SLY4    78   138   0.090739   0.000000  
  SLY4    78   140   0.123874   0.000000  
  SLY4    78   142   0.189278   0.000000  
  SLY4    78   144   0.217013   0.000000  
  SLY4    78   146   0.233603   0.000000  
  SLY4    78   148   0.242775   0.000000  
  SLY4    78   150   0.246802   0.000000  
  SLY4    78   152   0.247153   0.000001  
  SLY4    78   154   0.244450   0.000000  
  SLY4    78   156   0.238664   0.000000  
  SLY4    78   158   0.229527   0.000000  
  SLY4    78   160   0.216813   0.000000  
  SLY4    78   162   0.201374   0.000000  
  SLY4    78   164   0.183786   0.000000  
  SLY4    78   166   -0.149892   0.000000  
  SLY4    78   168   -0.139549   0.000000  
  SLY4    78   170   -0.128090   0.000000  
  SLY4    78   172   -0.115185   0.000000  
  SLY4    78   174   -0.099308   0.000000  
  SLY4    78   176   -0.078184   0.000000  
  SLY4    78   178   0.000966   0.000000  
  SLY4    78   180   0.000150   0.000000  
  SLY4    78   182   0.000096   0.000000  
  SLY4    78   184   0.000075   0.000000  
  SLY4    80    94   -0.000000   0.000000  
  SLY4    80    96   0.066284   0.000000  
  SLY4    80    98   0.072647   0.000000  
  SLY4    80   100   0.080242   0.000000  
  SLY4    80   102   -0.146600   -0.000000  
  SLY4    80   104   -0.149828   -0.000000  
  SLY4    80   106   -0.160100   -0.000000  
  SLY4    80   108   -0.153726   -0.000000  
  SLY4    80   110   -0.145732   -0.000000  
  SLY4    80   112   -0.133707   -0.000000  
  SLY4    80   114   -0.120750   -0.000000  
  SLY4    80   116   -0.088037   -0.000000  
  SLY4    80   118   -0.071211   -0.000000  
  SLY4    80   120   0.000618   0.000000  
  SLY4    80   122   0.000142   0.000000  
  SLY4    80   124   -0.000307   0.000000  
  SLY4    80   126   0.000065   0.000000  
  SLY4    80   128   0.000072   0.000000  
  SLY4    80   130   0.000000   0.000000  
  SLY4    80   132   0.000126   0.000000  
  SLY4    80   134   0.000169   0.000000  
  SLY4    80   136   0.000241   0.000000  
  SLY4    80   138   0.000000   0.000000  
  SLY4    80   140   0.000000   0.000000  
  SLY4    80   142   0.018802   0.000000  
  SLY4    80   144   0.210021   0.000000  
  SLY4    80   146   0.228111   0.000000  
  SLY4    80   148   0.238326   0.000000  
  SLY4    80   150   0.243235   0.000000  
  SLY4    80   152   0.244265   0.000000  
  SLY4    80   154   0.241892   0.000000  
  SLY4    80   156   0.236470   0.000000  
  SLY4    80   158   0.227410   0.000000  
  SLY4    80   160   0.214133   0.000000  
  SLY4    80   162   0.196480   0.000000  
  SLY4    80   164   -0.153518   0.000000  
  SLY4    80   166   -0.145339   0.000000  
  SLY4    80   168   -0.134585   0.000000  
  SLY4    80   170   -0.121025   0.000000  
  SLY4    80   172   -0.104245   0.000000  
  SLY4    80   174   -0.080824   0.000000  
  SLY4    80   176   -0.000000   0.000000  
  SLY4    80   178   0.000190   0.000000  
  SLY4    80   180   0.000116   0.000000  
  SLY4    80   182   -0.000079   -0.000000  
  SLY4    80   184   0.000064   0.000000  
  SLY4    82   100   -0.000000   0.000000  
  SLY4    82   102   -0.000000   0.000000  
  SLY4    82   104   -0.000000   0.000000  
  SLY4    82   106   0.002464   -0.000000  
  SLY4    82   108   0.024419   0.000000  
  SLY4    82   110   -0.000000   0.000000  
  SLY4    82   112   -0.000000   -0.000000  
  SLY4    82   114   -0.000000   0.000000  
  SLY4    82   116   -0.000000   0.000000  
  SLY4    82   118   0.000252   0.000000  
  SLY4    82   120   0.000164   0.000011  
  SLY4    82   122   0.000107   -0.000000  
  SLY4    82   124   -0.000072   -0.000000  
  SLY4    82   126   0.000000   0.000145  
  SLY4    82   128   0.000061   0.000000  
  SLY4    82   130   0.000077   0.000000  
  SLY4    82   132   0.000099   0.000000  
  SLY4    82   134   0.000128   -0.000000  
  SLY4    82   136   0.000000   0.000000  
  SLY4    82   138   0.000000   0.000000  
  SLY4    82   140   0.000000   -0.000000  
  SLY4    82   142   0.000000   -0.000000  
  SLY4    82   144   -0.000000   -0.000000  
  SLY4    82   146   0.217761   0.000000  
  SLY4    82   148   0.230490   0.000000  
  SLY4    82   150   0.236697   0.000000  
  SLY4    82   152   0.238382   0.000000  
  SLY4    82   154   0.236291   0.000000  
  SLY4    82   156   0.230797   0.000000  
  SLY4    82   158   0.221135   0.000000  
  SLY4    82   160   0.206661   0.000000  
  SLY4    82   162   -0.159010   0.000000  
  SLY4    82   164   -0.151887   -0.000000  
  SLY4    82   166   -0.141702   -0.000000  
  SLY4    82   168   -0.126614   0.000000  
  SLY4    82   170   -0.000000   0.000000  
  SLY4    82   172   -0.000000   0.000000  
  SLY4    82   174   -0.000000   0.000000  
  SLY4    82   176   -0.000000   0.000000  
  SLY4    82   178   0.000153   0.000000  
  SLY4    82   180   -0.000100   -0.000000  
  SLY4    82   182   -0.000069   -0.000000  
  SLY4    82   184   0.000000   0.000173  
  SLY4    84   106   -0.079626   -0.000000  
  SLY4    84   108   -0.078190   0.000000  
  SLY4    84   110   -0.077411   0.000000  
  SLY4    84   112   -0.065822   0.000000  
  SLY4    84   114   -0.052777   -0.000000  
  SLY4    84   116   -0.034124   -0.000000  
  SLY4    84   118   -0.000000   0.000000  
  SLY4    84   120   0.000235   0.000000  
  SLY4    84   122   0.000137   0.000000  
  SLY4    84   124   0.000084   0.000000  
  SLY4    84   126   0.000063   0.000000  
  SLY4    84   128   0.000069   -0.000000  
  SLY4    84   130   0.000092   -0.000000  
  SLY4    84   132   0.000122   0.000000  
  SLY4    84   134   -0.000168   0.000000  
  SLY4    84   136   0.000000   0.000000  
  SLY4    84   138   0.000000   0.000000  
  SLY4    84   140   0.115461   0.000000  
  SLY4    84   142   0.164091   0.000000  
  SLY4    84   144   0.195812   0.000000  
  SLY4    84   146   0.215938   0.000000  
  SLY4    84   148   0.227896   0.000001  
  SLY4    84   150   0.234009   0.000000  
  SLY4    84   152   0.235456   0.000000  
  SLY4    84   154   0.233156   0.000000  
  SLY4    84   156   0.227375   0.000000  
  SLY4    84   158   0.217509   0.000000  
  SLY4    84   160   0.202675   0.000000  
  SLY4    84   162   0.181604   0.000000  
  SLY4    84   164   -0.152156   0.000000  
  SLY4    84   166   -0.139301   -0.000000  
  SLY4    84   168   -0.099930   -0.000000  
  SLY4    84   170   -0.075756   -0.000000  
  SLY4    84   172   -0.053524   -0.000000  
  SLY4    84   174   -0.030863   0.000000  
  SLY4    84   176   -0.009806   -0.000000  
  SLY4    84   178   0.000176   0.000037  
  SLY4    84   180   0.000109   0.000000  
  SLY4    84   182   0.000002   0.000160  
  SLY4    84   184   0.000000   0.000173  
  SLY4    86   110   0.137814   0.000000  
  SLY4    86   112   -0.118666   -0.000000  
  SLY4    86   114   -0.099282   -0.000000  
  SLY4    86   116   -0.079073   -0.000000  
  SLY4    86   118   -0.055533   -0.000000  
  SLY4    86   120   -0.027415   0.000000  
  SLY4    86   122   0.000220   -0.000000  
  SLY4    86   124   0.000113   0.000000  
  SLY4    86   126   0.000080   -0.000000  
  SLY4    86   128   0.000001   0.000211  
  SLY4    86   130   -0.000123   -0.000000  
  SLY4    86   132   0.000000   0.000000  
  SLY4    86   134   0.000000   0.000000  
  SLY4    86   136   0.124249   0.100329  
  SLY4    86   138   0.148377   0.109891  
  SLY4    86   140   0.169600   0.105234  
  SLY4    86   142   0.190396   0.084329  
  SLY4    86   144   0.205090   0.010501  
  SLY4    86   146   0.219842   0.000000  
  SLY4    86   148   0.229825   0.000000  
  SLY4    86   150   0.234408   0.000001  
  SLY4    86   152   0.234938   0.000000  
  SLY4    86   154   0.232061   0.000000  
  SLY4    86   156   0.225783   0.000000  
  SLY4    86   158   0.215719   0.000000  
  SLY4    86   160   0.201333   0.000000  
  SLY4    86   162   0.181401   0.000000  
  SLY4    86   164   0.156016   0.000000  
  SLY4    86   166   0.130501   0.000000  
  SLY4    86   168   0.106615   0.000000  
  SLY4    86   170   -0.091519   -0.000000  
  SLY4    86   172   -0.072785   -0.000000  
  SLY4    86   174   -0.051863   -0.000000  
  SLY4    86   176   -0.028686   0.000000  
  SLY4    86   178   -0.000000   -0.000000  
  SLY4    86   180   0.000139   0.000000  
  SLY4    86   182   -0.000090   -0.000000  
  SLY4    86   184   0.000000   0.000179  
  SLY4    88   112   0.153499   0.000000  
  SLY4    88   114   0.128193   -0.000000  
  SLY4    88   116   -0.105597   -0.000000  
  SLY4    88   118   -0.082201   -0.000000  
  SLY4    88   120   -0.051987   -0.000000  
  SLY4    88   122   -0.000000   0.000000  
  SLY4    88   124   -0.000143   -0.000000  
  SLY4    88   126   0.000095   -0.000000  
  SLY4    88   128   0.000105   0.000000  
  SLY4    88   130   0.000000   0.000000  
  SLY4    88   132   0.087836   0.088614  
  SLY4    88   134   0.134359   0.125171  
  SLY4    88   136   0.160599   0.146565  
  SLY4    88   138   0.180132   0.156151  
  SLY4    88   140   0.196705   0.153657  
  SLY4    88   142   0.211304   0.133692  
  SLY4    88   144   0.222975   0.091759  
  SLY4    88   146   0.233276   0.070276  
  SLY4    88   148   0.236825   0.007289  
  SLY4    88   150   0.239501   0.000001  
  SLY4    88   152   0.238650   0.000001  
  SLY4    88   154   0.234910   0.000000  
  SLY4    88   156   0.228182   0.000000  
  SLY4    88   158   0.218405   0.000000  
  SLY4    88   160   0.204966   0.000000  
  SLY4    88   162   0.187755   0.000000  
  SLY4    88   164   0.167264   0.000000  
  SLY4    88   166   0.145183   0.000000  
  SLY4    88   168   0.123379   0.000000  
  SLY4    88   170   0.101737   0.000000  
  SLY4    88   172   0.078626   0.000340  
  SLY4    88   174   -0.064580   -0.000000  
  SLY4    88   176   -0.040635   0.000000  
  SLY4    88   178   0.002258   0.000000  
  SLY4    88   180   0.000142   0.000080  
  SLY4    88   182   0.000101   0.000000  
  SLY4    88   184   0.000000   0.000189  
  SLY4    90   116   0.127836   -0.000000  
  SLY4    90   118   -0.101431   -0.000000  
  SLY4    90   120   -0.071213   -0.000000  
  SLY4    90   122   -0.016335   -0.000000  
  SLY4    90   124   -0.000175   -0.000000  
  SLY4    90   126   0.000107   -0.000000  
  SLY4    90   128   0.000121   -0.000000  
  SLY4    90   130   0.000000   0.000000  
  SLY4    90   132   0.121999   0.125029  
  SLY4    90   134   0.157479   0.153689  
  SLY4    90   136   0.180685   0.169753  
  SLY4    90   138   0.199024   0.176852  
  SLY4    90   140   0.214650   0.174340  
  SLY4    90   142   0.228287   0.159967  
  SLY4    90   144   0.239075   0.129867  
  SLY4    90   146   0.245373   0.087801  
  SLY4    90   148   0.247030   0.025149  
  SLY4    90   150   0.247646   0.000001  
  SLY4    90   152   0.246076   0.000000  
  SLY4    90   154   0.241731   0.000001  
  SLY4    90   156   0.234818   0.000000  
  SLY4    90   158   0.225363   0.000000  
  SLY4    90   160   0.212944   0.000000  
  SLY4    90   162   0.197497   0.000000  
  SLY4    90   164   0.179153   0.000000  
  SLY4    90   166   0.158777   0.000000  
  SLY4    90   168   0.137372   0.000000  
  SLY4    90   170   0.115390   0.000000  
  SLY4    90   172   0.091711   0.000000  
  SLY4    90   174   -0.073537   0.000000  
  SLY4    90   176   -0.048589   0.000000  
  SLY4    90   178   -0.019355   -0.000000  
  SLY4    90   180   0.000187   0.000000  
  SLY4    90   182   0.000109   0.000000  
  SLY4    90   184   0.000000   0.000213  
  SLY4    92   120   -0.086115   0.000000  
  SLY4    92   122   -0.042913   0.000000  
  SLY4    92   124   -0.000207   0.000000  
  SLY4    92   126   0.000118   0.000000  
  SLY4    92   128   -0.000133   -0.000000  
  SLY4    92   130   0.000000   0.000000  
  SLY4    92   132   0.136900   0.144872  
  SLY4    92   134   0.171582   0.170081  
  SLY4    92   136   0.195072   0.183335  
  SLY4    92   138   0.213930   0.188109  
  SLY4    92   140   0.230008   0.184432  
  SLY4    92   142   0.243459   0.170962  
  SLY4    92   144   0.253294   0.145650  
  SLY4    92   146   0.258098   0.108568  
  SLY4    92   148   0.259490   0.075765  
  SLY4    92   150   0.256966   0.000001  
  SLY4    92   152   0.254799   0.000000  
  SLY4    92   154   0.250412   0.000000  
  SLY4    92   156   0.243741   0.000000  
  SLY4    92   158   0.234526   0.001317  
  SLY4    92   160   0.222981   0.000000  
  SLY4    92   162   0.208570   0.000000  
  SLY4    92   164   0.191335   0.000000  
  SLY4    92   166   0.171566   0.000000  
  SLY4    92   168   0.150070   -0.000000  
  SLY4    92   170   0.127522   -0.000000  
  SLY4    92   172   0.103001   0.000748  
  SLY4    92   174   -0.082706   0.000000  
  SLY4    92   176   -0.057210   0.000000  
  SLY4    92   178   -0.000000   0.000000  
  SLY4    92   180   0.000204   0.000000  
  SLY4    92   182   0.000117   0.000000  
  SLY4    92   184   0.000000   0.000260  
  SLY4    92   186   0.000086   0.000000  
  SLY4    94   124   0.000236   0.000000  
  SLY4    94   126   0.000128   0.000000  
  SLY4    94   128   0.000145   -0.000000  
  SLY4    94   130   0.079036   0.113216  
  SLY4    94   132   0.144476   0.158444  
  SLY4    94   134   0.181384   0.180819  
  SLY4    94   136   0.206460   0.191116  
  SLY4    94   138   0.226540   0.193037  
  SLY4    94   140   0.243094   0.186663  
  SLY4    94   142   0.256099   0.171366  
  SLY4    94   144   0.264604   0.146288  
  SLY4    94   146   0.267926   0.111073  
  SLY4    94   148   0.268568   0.081848  
  SLY4    94   150   0.265019   0.000001  
  SLY4    94   152   0.263129   0.000015  
  SLY4    94   154   0.259116   0.000000  
  SLY4    94   156   0.252972   0.000000  
  SLY4    94   158   0.244544   0.000000  
  SLY4    94   160   0.233682   0.000000  
  SLY4    94   162   0.220098   0.000000  
  SLY4    94   164   0.203488   0.000000  
  SLY4    94   166   0.184047   0.000000  
  SLY4    94   168   0.162336   -0.000000  
  SLY4    94   170   0.139107   -0.000000  
  SLY4    94   172   0.113693   0.001413  
  SLY4    94   174   -0.092915   0.000000  
  SLY4    94   176   -0.067464   -0.000000  
  SLY4    94   178   -0.030969   -0.000000  
  SLY4    94   180   0.000230   0.000000  
  SLY4    94   182   0.000123   0.000000  
  SLY4    94   184   0.000092   0.000000  
  SLY4    94   186   0.000091   0.000000  
  SLY4    94   188   -0.000110   -0.000000  
  SLY4    94   190   0.014878   0.062815  
  SLY4    94   192   0.075184   0.120189  
  SLY4    94   194   0.125687   0.151227  
  SLY4    94   196   0.154754   0.167319  
  SLY4    94   198   0.174642   0.174562  
  SLY4    94   200   0.191204   0.174807  
  SLY4    94   202   0.206175   0.166027  
  SLY4    94   204   0.218325   0.142360  
  SLY4    94   206   0.225476   0.103858  
  SLY4    94   208   0.229109   0.070349  
  SLY4    96   126   0.000140   0.000000  
  SLY4    96   128   0.002112   0.025263  
  SLY4    96   130   0.081863   0.125252  
  SLY4    96   132   0.146532   0.168001  
  SLY4    96   134   0.187593   0.187725  
  SLY4    96   136   0.215445   0.194445  
  SLY4    96   138   0.236802   0.192410  
  SLY4    96   140   0.253414   0.181601  
  SLY4    96   142   0.265253   0.161409  
  SLY4    96   144   0.272039   0.133554  
  SLY4    96   146   0.274784   0.104546  
  SLY4    96   148   0.271744   0.011146  
  SLY4    96   150   0.271431   0.000003  
  SLY4    96   152   0.269632   0.000001  
  SLY4    96   154   0.266142   0.000000  
  SLY4    96   156   0.260737   0.000000  
  SLY4    96   158   0.253417   0.000001  
  SLY4    96   160   0.243304   0.000000  
  SLY4    96   162   0.230867   0.000000  
  SLY4    96   164   0.215230   0.000000  
  SLY4    96   166   0.196206   -0.000000  
  SLY4    96   168   0.174493   0.000000  
  SLY4    96   170   0.150646   -0.000000  
  SLY4    96   172   -0.123616   -0.000000  
  SLY4    96   174   -0.103716   0.000000  
  SLY4    96   176   -0.079347   -0.000000  
  SLY4    96   178   -0.043802   -0.000000  
  SLY4    96   180   0.000002   0.000000  
  SLY4    96   182   0.000140   0.000000  
  SLY4    96   184   0.000100   0.000000  
  SLY4    96   186   -0.000098   -0.000000  
  SLY4    96   188   0.013950   0.069978  
  SLY4    96   190   0.038823   0.104157  
  SLY4    96   192   0.080246   0.134899  
  SLY4    96   194   0.126451   0.161551  
  SLY4    96   196   0.156879   0.176530  
  SLY4    96   198   0.177877   0.182289  
  SLY4    96   200   0.195883   0.180271  
  SLY4    96   202   0.212741   0.168341  
  SLY4    96   204   0.225904   0.137075  
  SLY4    96   206   0.233502   0.122924  
  SLY4    96   208   0.233817   0.007471  
  SLY4    96   210   0.235982   0.004625  
  SLY4    96   212   0.237267   0.000003  
  SLY4    96   214   0.237830   0.000000  
  SLY4    98   130   0.085783   0.137445  
  SLY4    98   132   0.143591   0.174531  
  SLY4    98   134   0.189904   0.191426  
  SLY4    98   136   0.221867   0.193967  
  SLY4    98   138   0.245189   0.186187  
  SLY4    98   140   0.261765   0.167795  
  SLY4    98   142   0.271775   0.141454  
  SLY4    98   144   0.277244   0.117617  
  SLY4    98   146   0.277608   0.075106  
  SLY4    98   148   0.275947   0.000003  
  SLY4    98   150   0.275794   0.000002  
  SLY4    98   152   0.274150   0.000003  
  SLY4    98   154   0.271063   0.000002  
  SLY4    98   156   0.266284   0.000001  
  SLY4    98   158   0.259433   0.000000  
  SLY4    98   160   0.250789   0.000000  
  SLY4    98   162   0.240050   0.000000  
  SLY4    98   164   0.226343   0.000000  
  SLY4    98   166   0.208541   0.000000  
  SLY4    98   168   0.186868   -0.000000  
  SLY4    98   170   0.162306   -0.000000  
  SLY4    98   172   -0.133438   0.000000  
  SLY4    98   174   -0.114103   -0.000000  
  SLY4    98   176   -0.091122   -0.000000  
  SLY4    98   178   -0.059690   0.000000  
  SLY4    98   180   0.000347   -0.000000  
  SLY4    98   182   0.000157   0.000000  
  SLY4    98   184   -0.000106   -0.000000  
  SLY4    98   186   0.007673   0.059451  
  SLY4    98   188   0.020578   0.090370  
  SLY4    98   190   0.045449   0.119605  
  SLY4    98   192   0.081767   0.145918  
  SLY4    98   194   0.124914   0.169511  
  SLY4    98   196   0.156781   0.183141  
  SLY4    98   198   0.179028   0.187432  
  SLY4    98   200   0.198577   0.183016  
  SLY4    98   202   0.218126   0.162389  
  SLY4    98   204   0.233316   0.053050  
  SLY4    98   206   0.236360   0.006285  
  SLY4    98   208   0.238478   0.004185  
  SLY4    98   210   0.240111   0.003258  
  SLY4    98   212   0.241153   0.002564  
  SLY4    98   214   0.241383   0.000006  
  SLY4    98   216   0.240912   0.001626  
  SLY4    98   218   0.239425   0.003724  
  SLY4   100   134   0.188735   0.192770  
  SLY4   100   136   0.226220   0.191021  
  SLY4   100   138   0.253662   0.172846  
  SLY4   100   140   0.269543   0.147846  
  SLY4   100   142   0.277432   0.124916  
  SLY4   100   144   0.281141   0.105314  
  SLY4   100   146   0.280226   0.065605  
  SLY4   100   148   0.278199   0.000003  
  SLY4   100   150   0.277686   0.000003  
  SLY4   100   152   0.276144   0.000003  
  SLY4   100   154   0.273032   0.000001  
  SLY4   100   156   0.268663   0.000001  
  SLY4   100   158   0.262583   0.000000  
  SLY4   100   160   0.254843   0.000000  
  SLY4   100   162   0.245907   0.000000  
  SLY4   100   164   0.234958   0.000000  
  SLY4   100   166   0.219977   -0.000000  
  SLY4   100   168   0.199475   -0.000000  
  SLY4   100   170   0.174266   -0.000000  
  SLY4   100   172   -0.142197   -0.000000  
  SLY4   100   174   -0.123499   0.000000  
  SLY4   100   176   -0.101591   -0.000000  
  SLY4   100   178   -0.071864   -0.000000  
  SLY4   100   180   -0.000000   0.000000  
  SLY4   100   182   -0.000180   -0.000000  
  SLY4   100   184   0.005903   0.053351  
  SLY4   100   186   0.011525   0.077723  
  SLY4   100   188   0.024321   0.104121  
  SLY4   100   190   0.048782   0.130890  
  SLY4   100   192   0.081554   0.154772  
  SLY4   100   194   0.121885   0.175753  
  SLY4   100   196   0.155573   0.187574  
  SLY4   100   198   0.179438   0.189927  
  SLY4   100   200   0.197495   0.184056  
  SLY4   100   202   0.222837   0.152776  
  SLY4   100   204   0.239490   0.033115  
  SLY4   100   206   0.240857   0.005412  
  SLY4   100   208   0.241926   0.000000  
  SLY4   100   210   0.242897   0.000000  
  SLY4   100   212   0.243579   0.001799  
  SLY4   100   214   0.243559   0.000000  
  SLY4   100   216   0.242924   0.000001  
  SLY4   100   218   0.241457   0.000013  
  SLY4   100   220   0.239101   0.000008  
  SLY4   102   136   0.230166   0.183957  
  SLY4   102   138   0.261991   0.156996  
  SLY4   102   140   0.275977   0.127575  
  SLY4   102   142   0.280941   0.109954  
  SLY4   102   144   0.282780   0.092869  
  SLY4   102   146   0.280738   0.055359  
  SLY4   102   148   0.278508   0.000002  
  SLY4   102   150   0.277731   0.000001  
  SLY4   102   152   0.275891   0.000002  
  SLY4   102   154   0.272856   0.000000  
  SLY4   102   156   0.268523   0.002748  
  SLY4   102   158   0.262726   0.001075  
  SLY4   102   160   0.255841   0.000000  
  SLY4   102   162   0.248280   0.000000  
  SLY4   102   164   0.239558   0.000000  
  SLY4   102   166   0.228142   0.000000  
  SLY4   102   168   0.210854   -0.000000  
  SLY4   102   170   0.186003   -0.000000  
  SLY4   102   172   -0.149413   0.000000  
  SLY4   102   174   -0.131081   -0.000000  
  SLY4   102   176   -0.109968   -0.000000  
  SLY4   102   178   -0.081756   0.000000  
  SLY4   102   180   -0.034913   0.000000  
  SLY4   102   182   0.001911   0.025185  
  SLY4   102   184   0.005380   0.057533  
  SLY4   102   186   0.010760   0.083439  
  SLY4   102   188   0.022048   0.108663  
  SLY4   102   190   0.055275   0.142887  
  SLY4   102   192   0.082085   0.162729  
  SLY4   102   194   0.115991   0.179392  
  SLY4   102   196   0.153825   0.189565  
  SLY4   102   198   0.180680   0.189248  
  SLY4   102   200   0.203680   0.175365  
  SLY4   102   202   0.247659   0.027282  
  SLY4   102   204   0.245932   0.003895  
  SLY4   102   206   0.245014   0.003990  
  SLY4   102   208   0.244793   0.000001  
  SLY4   102   210   0.244933   0.000001  
  SLY4   102   212   0.245004   0.000001  
  SLY4   102   214   0.244783   0.001158  
  SLY4   102   216   0.243832   0.000005  
  SLY4   102   218   0.242392   0.003151  
  SLY4   102   220   0.240119   0.002634  
  SLY4   102   222   0.237060   0.000867  
  SLY4   104   142   0.280275   0.077975  
  SLY4   104   144   0.278419   0.033349  
  SLY4   104   146   0.277631   0.000000  
  SLY4   104   148   0.277181   0.000002  
  SLY4   104   150   0.276018   0.000001  
  SLY4   104   152   0.273972   0.000001  
  SLY4   104   154   0.270909   0.001151  
  SLY4   104   156   0.266482   0.000000  
  SLY4   104   158   0.260928   0.000000  
  SLY4   104   160   0.254679   0.000000  
  SLY4   104   162   0.247998   0.000000  
  SLY4   104   164   0.240580   0.000000  
  SLY4   104   166   0.231309   0.000000  
  SLY4   104   168   0.217915   0.000000  
  SLY4   104   170   0.197164   0.000000  
  SLY4   104   172   0.161742   -0.000000  
  SLY4   104   174   -0.136794   -0.000000  
  SLY4   104   176   -0.115635   0.000000  
  SLY4   104   178   -0.090065   0.000000  
  SLY4   104   180   -0.044617   -0.000000  
  SLY4   104   182   0.000940   0.018791  
  SLY4   104   184   0.003984   0.056461  
  SLY4   104   186   0.008821   0.084795  
  SLY4   104   188   0.019345   0.111760  
  SLY4   104   190   0.042494   0.139633  
  SLY4   104   192   0.072639   0.164173  
  SLY4   104   194   0.108059   0.180781  
  SLY4   104   196   0.152180   0.188655  
  SLY4   104   198   0.295284   0.011938  
  SLY4   104   200   0.276617   0.013222  
  SLY4   104   202   0.261256   0.013658  
  SLY4   104   204   0.253148   0.002007  
  SLY4   104   206   0.249106   0.002046  
  SLY4   104   208   0.247008   0.000001  
  SLY4   104   210   0.246015   0.000001  
  SLY4   104   212   0.245361   0.000002  
  SLY4   104   214   0.244616   0.000004  
  SLY4   104   216   0.243552   0.002750  
  SLY4   104   218   0.241860   0.000745  
  SLY4   104   220   0.239510   0.002149  
  SLY4   104   222   0.236414   0.000001  
  SLY4   104   224   0.232684   0.000000  
  SLY4   104   226   0.228283   0.000000  
  SLY4   104   228   0.223281   0.000000  
  SLY4   104   230   0.217679   0.000000  
  SLY4   106   146   0.275974   0.000003  
  SLY4   106   148   0.274703   0.000002  
  SLY4   106   150   0.273101   0.000001  
  SLY4   106   152   0.270788   0.001266  
  SLY4   106   154   0.267386   0.000790  
  SLY4   106   156   0.262942   0.000471  
  SLY4   106   158   0.257551   0.000000  
  SLY4   106   160   0.251784   0.000000  
  SLY4   106   162   0.245526   0.000000  
  SLY4   106   164   0.238660   0.000000  
  SLY4   106   166   0.230043   0.000000  
  SLY4   106   168   0.218774   0.000000  
  SLY4   106   170   0.201014   0.000000  
  SLY4   106   172   0.166369   -0.000000  
  SLY4   106   174   -0.138992   0.000000  
  SLY4   106   176   -0.118390   0.000000  
  SLY4   106   178   -0.092615   0.000000  
  SLY4   106   180   -0.053137   -0.000000  
  SLY4   106   182   0.000244   0.000000  
  SLY4   106   184   0.001949   0.046387  
  SLY4   106   186   0.005873   0.079306  
  SLY4   106   188   0.015718   0.110603  
  SLY4   106   190   0.040923   0.143309  
  SLY4   106   192   0.066923   0.166241  
  SLY4   106   194   0.341850   0.005325  
  SLY4   106   196   0.330206   0.004271  
  SLY4   106   198   0.317524   0.004104  
  SLY4   106   200   0.300961   0.004706  
  SLY4   106   202   0.278740   0.005942  
  SLY4   106   204   0.261104   0.001064  
  SLY4   106   206   0.251361   0.000001  
  SLY4   106   208   0.247606   0.000001  
  SLY4   106   210   0.245674   0.000002  
  SLY4   106   212   0.244216   0.000004  
  SLY4   106   214   0.242930   0.000004  
  SLY4   106   216   0.241401   0.000000  
  SLY4   106   218   0.239511   0.001293  
  SLY4   106   220   0.236885   0.000001  
  SLY4   106   222   0.233725   0.000001  
  SLY4   106   224   0.229881   0.000000  
  SLY4   106   226   0.225489   0.000000  
  SLY4   106   228   0.220599   0.000000  
  SLY4   106   230   0.215216   0.000000  
  SLY4   106   232   0.209356   0.000000  
  SLY4   108   152   0.266615   0.000865  
  SLY4   108   154   0.262692   0.000480  
  SLY4   108   156   0.257809   0.000000  
  SLY4   108   158   0.252519   0.000000  
  SLY4   108   160   0.246717   0.000000  
  SLY4   108   162   0.240545   0.000000  
  SLY4   108   164   0.233385   0.000000  
  SLY4   108   166   0.224911   0.000000  
  SLY4   108   168   0.213330   0.000000  
  SLY4   108   170   0.195982   -0.000000  
  SLY4   108   172   0.163977   -0.000000  
  SLY4   108   174   -0.138035   0.000000  
  SLY4   108   176   -0.118953   0.000000  
  SLY4   108   178   -0.095023   0.000000  
  SLY4   108   180   -0.055315   0.000000  
  SLY4   108   182   0.000260   0.000000  
  SLY4   108   184   0.000160   0.000000  
  SLY4   108   186   0.002906   0.065111  
  SLY4   108   188   0.012158   0.106332  
  SLY4   108   190   0.034078   0.142082  
  SLY4   108   192   0.057233   0.166198  
  SLY4   108   194   0.355161   0.005535  
  SLY4   108   196   0.345449   0.002743  
  SLY4   108   198   0.333874   0.002139  
  SLY4   108   200   0.319895   0.002135  
  SLY4   108   202   0.298974   0.000393  
  SLY4   108   204   0.269194   0.000000  
  SLY4   108   206   0.250466   0.000002  
  SLY4   108   208   0.246047   0.000001  
  SLY4   108   210   0.243433   0.000000  
  SLY4   108   212   0.241459   0.000000  
  SLY4   108   214   0.239670   0.000000  
  SLY4   108   216   0.237792   0.001227  
  SLY4   108   218   0.235383   0.000001  
  SLY4   108   220   0.232512   0.000001  
  SLY4   108   222   0.228997   0.000000  
  SLY4   108   224   0.224901   0.000000  
  SLY4   108   226   0.220332   0.000000  
  SLY4   108   228   0.215379   0.000000  
  SLY4   108   230   0.210089   0.000000  
  SLY4   108   232   0.204340   0.000000  
  SLY4   108   234   0.197688   0.000000  
  SLY4   110   156   0.251451   0.000000  
  SLY4   110   158   0.245579   0.000000  
  SLY4   110   160   0.239606   0.000000  
  SLY4   110   162   0.233074   0.000000  
  SLY4   110   164   0.225732   0.000000  
  SLY4   110   166   0.216285   0.000000  
  SLY4   110   168   0.203556   -0.000000  
  SLY4   110   170   0.184920   -0.000000  
  SLY4   110   172   0.158312   -0.000000  
  SLY4   110   174   0.130866   -0.000000  
  SLY4   110   176   -0.116408   0.000000  
  SLY4   110   178   -0.094703   0.000000  
  SLY4   110   180   -0.049871   0.000000  
  SLY4   110   182   0.000272   0.000000  
  SLY4   110   184   0.000168   0.000000  
  SLY4   110   186   -0.000648   0.000000  
  SLY4   110   188   0.008075   0.093673  
  SLY4   110   190   0.029857   0.140463  
  SLY4   110   192   0.048810   0.166325  
  SLY4   110   194   0.060832   0.179143  
  SLY4   110   196   0.358174   0.003654  
  SLY4   110   198   0.348486   0.000214  
  SLY4   110   200   0.335752   0.000000  
  SLY4   110   202   0.316432   0.000248  
  SLY4   110   204   0.275946   0.000000  
  SLY4   110   206   0.250672   0.000000  
  SLY4   110   208   0.245000   0.000003  
  SLY4   110   210   0.241263   0.000000  
  SLY4   110   212   0.238474   0.000000  
  SLY4   110   214   0.236026   0.000000  
  SLY4   110   216   0.233551   0.000001  
  SLY4   110   218   0.230698   0.000001  
  SLY4   110   220   0.227335   0.000000  
  SLY4   110   222   0.223261   0.000000  
  SLY4   110   224   0.218716   0.000000  
  SLY4   110   226   0.213790   0.000000  
  SLY4   110   228   0.208668   0.000000  
  SLY4   110   230   0.203330   0.000000  
  SLY4   110   232   0.197559   0.000000  
  SLY4   110   234   0.190838   0.000000  
  SLY4   110   236   0.182462   -0.000000  
  SLY4   110   238   0.171246   -0.000000  
  SLY4   110   240   0.155977   0.000000  
  SLY4   110   242   0.135473   -0.000000  
  SLY4   110   244   0.114634   -0.000000  
  SLY4   110   246   -0.106182   -0.000000  
  SLY4   110   248   -0.089724   0.000000  
  SLY4   110   250   -0.069362   0.000000  
  SLY4   112   160   0.230876   0.000000  
  SLY4   112   162   0.224264   0.000000  
  SLY4   112   164   0.216112   0.000000  
  SLY4   112   166   0.205801   -0.000000  
  SLY4   112   168   0.192334   -0.000000  
  SLY4   112   170   0.173108   -0.000000  
  SLY4   112   172   0.150738   -0.000000  
  SLY4   112   174   0.129822   0.000000  
  SLY4   112   176   -0.111434   -0.000000  
  SLY4   112   178   -0.093414   0.000000  
  SLY4   112   180   -0.055510   -0.000000  
  SLY4   112   182   0.000273   0.000000  
  SLY4   112   184   0.000169   0.000000  
  SLY4   112   186   0.000157   0.000000  
  SLY4   112   188   0.003275   0.056181  
  SLY4   112   190   0.016946   0.106076  
  SLY4   112   192   0.038282   0.143717  
  SLY4   112   194   0.055204   0.160783  
  SLY4   112   196   0.024566   0.172495  
  SLY4   112   198   0.312228   0.002664  
  SLY4   112   200   0.303133   0.000000  
  SLY4   112   202   0.284779   0.000000  
  SLY4   112   204   0.267567   0.000000  
  SLY4   112   206   0.249772   0.000000  
  SLY4   112   208   0.242935   0.000003  
  SLY4   112   210   0.238291   -0.000000  
  SLY4   112   212   0.234590   0.000000  
  SLY4   112   214   0.232111   -0.000000  
  SLY4   112   216   0.229735   -0.000000  
  SLY4   112   218   0.226651   -0.000000  
  SLY4   112   220   0.222583   0.000000  
  SLY4   112   222   0.217862   -0.000000  
  SLY4   112   224   0.212655   0.000000  
  SLY4   112   226   0.207270   -0.000000  
  SLY4   112   228   0.201884   0.000000  
  SLY4   112   230   0.196407   0.000000  
  SLY4   112   232   0.190527   0.000000  
  SLY4   112   234   0.183681   -0.000000  
  SLY4   112   236   0.175238   -0.000000  
  SLY4   112   238   0.164289   -0.000000  
  SLY4   112   240   0.149756   -0.000000  
  SLY4   112   242   0.129636   0.000000  
  SLY4   112   244   0.114911   -0.000000  
  SLY4   112   246   -0.100289   0.000000  
  SLY4   112   248   -0.087853   0.000000  
  SLY4   112   250   -0.064497   -0.000000  
  SLY4   112   252   -0.000000   0.000000  
  SLY4   114   162   0.215111   0.000000  
  SLY4   114   164   0.206084   0.000000  
  SLY4   114   166   0.194730   0.000000  
  SLY4   114   168   0.180176   0.000000  
  SLY4   114   170   0.162153   0.000000  
  SLY4   114   172   0.142997   0.000000  
  SLY4   114   174   0.123638   0.000000  
  SLY4   114   176   -0.110047   -0.000000  
  SLY4   114   178   -0.088759   0.000000  
  SLY4   114   180   -0.000000   0.000000  
  SLY4   114   182   -0.000000   0.000000  
  SLY4   114   184   -0.006948   -0.000000  
  SLY4   114   186   0.000162   0.000000  
  SLY4   114   188   -0.000000   -0.000000  
  SLY4   114   190   -0.000000   0.000000  
  SLY4   114   192   0.031680   0.122614  
  SLY4   114   194   0.037006   0.147887  
  SLY4   114   196   -0.012283   0.154956  
  SLY4   114   198   -0.036814   0.159360  
  SLY4   114   200   0.302250   0.002575  
  SLY4   114   202   0.287878   0.000000  
  SLY4   114   204   0.271201   0.000000  
  SLY4   114   206   0.255678   0.000000  
  SLY4   114   208   0.244332   0.000000  
  SLY4   114   210   0.239453   0.000000  
  SLY4   114   212   0.235154   0.000003  
  SLY4   114   214   0.231651   0.000000  
  SLY4   114   216   0.228086   -0.000000  
  SLY4   114   218   0.223871   0.000000  
  SLY4   114   220   0.219073   0.000000  
  SLY4   114   222   0.213601   0.000000  
  SLY4   114   224   0.207765   0.000000  
  SLY4   114   226   0.201836   0.000000  
  SLY4   114   228   0.196110   0.000000  
  SLY4   114   230   0.190421   -0.000000  
  SLY4   114   232   0.184290   -0.000000  
  SLY4   114   234   0.177214   -0.000000  
  SLY4   114   236   0.168405   0.000000  
  SLY4   114   238   0.157021   -0.000000  
  SLY4   114   240   0.140172   0.000000  
  SLY4   114   242   0.127438   -0.000000  
  SLY4   114   244   0.110347   -0.000000  
  SLY4   114   246   -0.089347   -0.000000  
  SLY4   114   248   -0.080301   -0.000000  
  SLY4   114   250   -0.065221   0.000000  
  SLY4   114   252   -0.000000   -0.000000  
  SLY4   114   254   -0.000000   0.000000  
  SLY4   114   256   0.000217   -0.000000  
  SLY4   114   258   0.000174   -0.000000  
  SLY4   116   166   0.184244   -0.000000  
  SLY4   116   168   0.168145   0.000000  
  SLY4   116   170   0.150015   0.000000  
  SLY4   116   172   0.132058   -0.000000  
  SLY4   116   174   0.113472   0.000000  
  SLY4   116   176   -0.103523   -0.000000  
  SLY4   116   178   -0.083939   -0.000000  
  SLY4   116   180   -0.000000   0.000000  
  SLY4   116   182   0.000249   -0.000000  
  SLY4   116   184   0.000168   -0.000000  
  SLY4   116   186   0.000155   0.000000  
  SLY4   116   188   -0.000000   0.000000  
  SLY4   116   190   -0.000000   0.000000  
  SLY4   116   192   0.035127   0.099677  
  SLY4   116   194   0.041635   0.129208  
  SLY4   116   196   0.018333   0.145483  
  SLY4   116   198   -0.022517   0.155192  
  SLY4   116   200   0.298244   0.003442  
  SLY4   116   202   0.289327   0.002720  
  SLY4   116   204   0.274292   0.000000  
  SLY4   116   206   0.260267   -0.000000  
  SLY4   116   208   0.247395   -0.000000  
  SLY4   116   210   0.239651   -0.000000  
  SLY4   116   212   0.234745   0.000003  
  SLY4   116   214   0.231129   0.000000  
  SLY4   116   216   0.226654   0.000000  
  SLY4   116   218   0.222005   0.000000  
  SLY4   116   220   0.216698   0.000000  
  SLY4   116   222   0.210707   -0.000000  
  SLY4   116   224   0.204364   -0.000000  
  SLY4   116   226   0.198080   0.000000  
  SLY4   116   228   0.192020   -0.000000  
  SLY4   116   230   0.186009   0.000000  
  SLY4   116   232   0.179471   -0.000000  
  SLY4   116   234   0.171627   0.000000  
  SLY4   116   236   0.161577   -0.000000  
  SLY4   116   238   0.147909   0.000000  
  SLY4   116   240   0.133339   -0.000000  
  SLY4   116   242   0.116990   -0.000000  
  SLY4   116   244   -0.099497   0.000000  
  SLY4   116   246   -0.090909   -0.000000  
  SLY4   116   248   -0.078405   0.000000  
  SLY4   116   250   -0.060848   -0.000000  
  SLY4   116   252   -0.000000   -0.000000  
  SLY4   116   254   -0.000000   0.000000  
  SLY4   116   256   0.000212   -0.000000  
  SLY4   116   258   0.000174   0.000000  
  SLY4   118   170   0.133929   -0.000000  
  SLY4   118   172   0.116371   -0.000000  
  SLY4   118   174   -0.110815   0.000000  
  SLY4   118   176   -0.098530   0.000000  
  SLY4   118   178   -0.076256   0.000000  
  SLY4   118   180   -0.000000   0.000000  
  SLY4   118   182   0.000220   0.000000  
  SLY4   118   184   0.000153   0.000000  
  SLY4   118   186   0.000143   0.000000  
  SLY4   118   188   -0.000000   0.000000  
  SLY4   118   190   -0.000000   -0.000000  
  SLY4   118   192   0.036927   0.089770  
  SLY4   118   194   0.032046   0.114063  
  SLY4   118   196   0.052618   0.133235  
  SLY4   118   198   0.024638   0.141560  
  SLY4   118   200   -0.022903   0.149767  
  SLY4   118   202   0.289066   0.003800  
  SLY4   118   204   0.276262   -0.000000  
  SLY4   118   206   0.261791   -0.000000  
  SLY4   118   208   0.246971   -0.000000  
  SLY4   118   210   0.237481   -0.000000  
  SLY4   118   212   0.232920   0.000005  
  SLY4   118   214   0.229410   0.000000  
  SLY4   118   216   0.225406   0.000000  
  SLY4   118   218   0.220514   0.000000  
  SLY4   118   220   0.215015   -0.000000  
  SLY4   118   222   0.208832   -0.000000  
  SLY4   118   224   0.202289   0.000000  
  SLY4   118   226   0.195797   0.000000  
  SLY4   118   228   0.189450   -0.000000  
  SLY4   118   230   0.182982   0.000000  
  SLY4   118   232   0.175678   -0.000000  
  SLY4   118   234   0.165316   -0.000000  
  SLY4   118   236   0.153826   -0.000000  
  SLY4   118   238   0.136445   -0.000000  
  SLY4   118   240   -0.103898   -0.000000  
  SLY4   118   242   -0.101873   0.000000  
  SLY4   118   244   -0.094494   0.000000  
  SLY4   118   246   -0.086316   0.000000  
  SLY4   118   248   -0.071317   -0.000000  
  SLY4   118   250   -0.043077   -0.000000  
  SLY4   118   252   -0.000000   0.000000  
  SLY4   118   254   -0.000000   -0.000000  
  SLY4   118   256   0.000204   0.000000  
  SLY4   118   258   -0.000612   -0.000000  
  SLY4   120   174   -0.101786   0.000000  
  SLY4   120   176   -0.087477   0.000000  
  SLY4   120   178   -0.063360   0.000000  
  SLY4   120   180   -0.000000   -0.000000  
  SLY4   120   182   0.000183   0.000000  
  SLY4   120   184   0.000133   0.000000  
  SLY4   120   186   0.000125   0.000000  
  SLY4   120   188   0.000143   -0.000000  
  SLY4   120   190   -0.000189   0.000000  
  SLY4   120   192   0.031933   0.099186  
  SLY4   120   194   0.037170   0.136751  
  SLY4   120   196   0.042270   0.145427  
  SLY4   120   198   0.052239   0.143125  
  SLY4   120   200   0.025719   0.144534  
  SLY4   120   202   -0.012485   0.147400  
  SLY4   120   204   0.277275   0.004377  
  SLY4   120   206   0.262613   0.000000  
  SLY4   120   208   0.239683   0.000000  
  SLY4   120   210   0.233614   0.000000  
  SLY4   120   212   0.229641   0.000000  
  SLY4   120   214   0.226245   -0.000000  
  SLY4   120   216   0.219192   0.000000  
  SLY4   120   218   0.219034   0.000000  
  SLY4   120   220   0.213556   0.000000  
  SLY4   120   222   0.207361   0.000000  
  SLY4   120   224   0.200721   -0.000000  
  SLY4   120   226   0.194206   0.000000  
  SLY4   120   228   0.187603   -0.000000  
  SLY4   120   230   0.180679   -0.000000  
  SLY4   120   232   0.172159   -0.000000  
  SLY4   120   234   0.159524   -0.000000  
  SLY4   120   236   -0.110943   -0.000000  
  SLY4   120   238   -0.109549   0.000000  
  SLY4   120   240   -0.106926   0.000000  
  SLY4   120   242   -0.102155   -0.000000  
  SLY4   120   244   -0.092820   0.000000  
  SLY4   120   246   -0.081654   -0.000000  
  SLY4   120   248   -0.064529   -0.000000  
  SLY4   120   250   -0.041160   -0.000000  
  SLY4   120   252   -0.000000   0.000000  
  SLY4   120   254   -0.000000   -0.000000  
  SLY4   120   256   0.000191   0.000000  
  SLY4   120   258   0.000160   -0.000000  
