EDF       Z     N      beta_2     beta_3  
UNEDF1     2     2   0.000976   0.000055  
UNEDF1     2     4   0.000298   0.000026  
UNEDF1     2     6   0.000019   -0.000000  
UNEDF1     4     2   0.000008   0.000000  
UNEDF1     4     4   0.002306   0.000003  
UNEDF1     4     6   0.002126   0.000038  
UNEDF1     4     8   0.001475   0.000201  
UNEDF1     6     4   0.001773   0.000250  
UNEDF1     6     6   0.001595   0.000015  
UNEDF1     6     8   0.001152   0.000012  
UNEDF1     6    10   0.000004   0.000000  
UNEDF1     6    12   0.009589   0.000183  
UNEDF1     6    14   0.003656   0.000136  
UNEDF1     6    16   -0.004333   -0.000000  
UNEDF1     8     4   -0.004861   -0.000000  
UNEDF1     8     6   0.001034   0.000035  
UNEDF1     8     8   0.000846   0.000004  
UNEDF1     8    10   0.007360   0.000306  
UNEDF1     8    12   0.011105   0.001981  
UNEDF1     8    14   0.010277   0.003605  
UNEDF1     8    16   0.004888   0.001775  
UNEDF1     8    18   -0.000919   -0.000000  
UNEDF1    10     8   -0.000269   -0.000000  
UNEDF1    10    10   0.143825   -0.000131  
UNEDF1    10    12   0.192117   -0.000000  
UNEDF1    10    14   0.093829   -0.000089  
UNEDF1    10    16   0.006883   0.000681  
UNEDF1    10    18   0.003547   0.001107  
UNEDF1    10    20   0.003646   0.000083  
UNEDF1    10    22   0.144607   -0.000000  
UNEDF1    10    24   0.183037   -0.000000  
UNEDF1    12     8   0.008124   0.008153  
UNEDF1    12    10   0.185241   -0.000125  
UNEDF1    12    12   0.247372   -0.000000  
UNEDF1    12    14   -0.135801   -0.000000  
UNEDF1    12    16   0.025540   0.000000  
UNEDF1    12    18   -0.002693   0.000482  
UNEDF1    12    20   0.003967   0.000101  
UNEDF1    12    22   0.218246   -0.000797  
UNEDF1    12    24   0.253542   -0.000383  
UNEDF1    12    26   0.253375   -0.000000  
UNEDF1    12    28   0.212680   -0.000000  
UNEDF1    12    30   -0.137826   0.000000  
UNEDF1    12    32   0.001119   0.000000  
UNEDF1    12    34   0.000389   -0.000000  
UNEDF1    14     8   -0.003375   -0.000000  
UNEDF1    14    10   0.121490   -0.000103  
UNEDF1    14    12   0.180422   -0.000000  
UNEDF1    14    14   -0.148232   -0.000000  
UNEDF1    14    16   0.000468   -0.000000  
UNEDF1    14    18   -0.006955   0.000000  
UNEDF1    14    20   0.001981   0.000227  
UNEDF1    14    22   0.002130   0.001128  
UNEDF1    14    24   0.198016   -0.000359  
UNEDF1    14    26   0.213736   -0.000390  
UNEDF1    14    28   -0.190533   0.000000  
UNEDF1    14    30   -0.161456   -0.000000  
UNEDF1    14    32   0.001539   -0.000000  
UNEDF1    14    34   0.018091   -0.000352  
UNEDF1    16    10   -0.013016   0.000715  
UNEDF1    16    12   -0.032359   -0.000000  
UNEDF1    16    14   0.001040   -0.000000  
UNEDF1    16    16   -0.007685   -0.000000  
UNEDF1    16    18   0.004200   -0.000001  
UNEDF1    16    20   0.003782   0.000000  
UNEDF1    16    22   -0.007474   0.000000  
UNEDF1    16    24   0.153084   0.000239  
UNEDF1    16    26   0.171824   -0.000050  
UNEDF1    16    28   -0.154131   0.000000  
UNEDF1    16    30   -0.126565   -0.000000  
UNEDF1    16    32   0.000308   -0.000000  
UNEDF1    16    34   0.011892   -0.000103  
UNEDF1    18    14   0.005237   0.001570  
UNEDF1    18    16   0.006749   0.000265  
UNEDF1    18    18   -0.002139   0.000000  
UNEDF1    18    20   0.001264   -0.000000  
UNEDF1    18    22   -0.003969   -0.000000  
UNEDF1    18    24   -0.000000   -0.000000  
UNEDF1    18    26   -0.032739   0.001329  
UNEDF1    18    28   -0.083562   0.000000  
UNEDF1    18    30   0.001360   0.000000  
UNEDF1    18    32   0.000263   -0.000004  
UNEDF1    18    34   0.000264   -0.000000  
UNEDF1    18    36   0.004497   0.000067  
UNEDF1    18    38   0.005176   0.001709  
UNEDF1    18    40   0.007591   0.000596  
UNEDF1    20    14   -0.006774   -0.000007  
UNEDF1    20    16   -0.000400   0.000382  
UNEDF1    20    18   -0.001119   0.000000  
UNEDF1    20    20   0.000550   0.000070  
UNEDF1    20    22   0.001455   0.000027  
UNEDF1    20    24   0.001977   0.000084  
UNEDF1    20    26   0.001421   0.000157  
UNEDF1    20    28   -0.000781   0.000334  
UNEDF1    20    30   0.000208   -0.000001  
UNEDF1    20    32   0.004855   -0.000399  
UNEDF1    20    34   0.004110   -0.000565  
UNEDF1    20    36   0.002682   -0.000435  
UNEDF1    20    38   0.002035   -0.000296  
UNEDF1    20    40   0.002125   0.000006  
UNEDF1    20    42   -0.000187   0.000000  
UNEDF1    20    44   0.000446   0.000001  
UNEDF1    20    46   0.003213   -0.000000  
UNEDF1    20    48   0.000015   0.000000  
UNEDF1    20    50   0.005125   -0.000000  
UNEDF1    20    52   0.001840   -0.000000  
UNEDF1    20    54   0.000343   -0.000000  
UNEDF1    20    56   -0.000201   0.000000  
UNEDF1    22    18   -0.002596   -0.000000  
UNEDF1    22    20   0.000028   0.000000  
UNEDF1    22    22   -0.000001   -0.000000  
UNEDF1    22    24   0.142712   -0.000000  
UNEDF1    22    26   0.104804   -0.000000  
UNEDF1    22    28   -0.000001   -0.000000  
UNEDF1    22    30   -0.000000   0.000000  
UNEDF1    22    32   -0.000000   0.000000  
UNEDF1    22    34   -0.000000   -0.000000  
UNEDF1    22    36   -0.000000   0.000000  
UNEDF1    22    38   -0.000000   -0.000000  
UNEDF1    22    40   -0.000000   -0.000000  
UNEDF1    22    42   -0.000000   0.000000  
UNEDF1    22    44   0.136970   0.000000  
UNEDF1    22    46   0.165113   -0.000000  
UNEDF1    22    48   0.169163   -0.000000  
UNEDF1    22    50   0.154849   -0.000000  
UNEDF1    22    52   0.122019   0.000000  
UNEDF1    22    54   -0.079592   0.000055  
UNEDF1    22    56   -0.000056   0.000000  
UNEDF1    22    58   0.000205   0.000000  
UNEDF1    24    20   0.001161   0.000007  
UNEDF1    24    22   0.131300   0.001076  
UNEDF1    24    24   0.192008   0.000000  
UNEDF1    24    26   0.185570   0.000000  
UNEDF1    24    28   0.126614   -0.000000  
UNEDF1    24    30   -0.000000   -0.000000  
UNEDF1    24    32   0.100208   0.000000  
UNEDF1    24    34   0.116539   0.000000  
UNEDF1    24    36   0.093102   -0.000000  
UNEDF1    24    38   -0.000000   0.000000  
UNEDF1    24    40   0.000000   -0.000000  
UNEDF1    24    42   -0.000000   0.000000  
UNEDF1    24    44   0.206149   -0.000000  
UNEDF1    24    46   0.208298   0.000000  
UNEDF1    24    48   0.206329   0.000000  
UNEDF1    24    50   0.195580   -0.000000  
UNEDF1    24    52   0.171512   -0.000000  
UNEDF1    24    54   0.113972   -0.000000  
UNEDF1    24    56   -0.000022   -0.000000  
UNEDF1    24    58   0.000714   0.000000  
UNEDF1    24    60   0.000179   -0.000000  
UNEDF1    26    20   -0.001226   0.000149  
UNEDF1    26    22   0.129423   0.001860  
UNEDF1    26    24   0.195757   -0.000206  
UNEDF1    26    26   0.192702   0.000000  
UNEDF1    26    28   -0.000000   -0.000000  
UNEDF1    26    30   0.000000   -0.000000  
UNEDF1    26    32   0.138892   -0.000000  
UNEDF1    26    34   0.125576   -0.000000  
UNEDF1    26    36   0.092717   0.000000  
UNEDF1    26    38   0.000000   0.000000  
UNEDF1    26    40   0.000000   0.000000  
UNEDF1    26    42   -0.000000   -0.000000  
UNEDF1    26    44   0.177484   0.000000  
UNEDF1    26    46   0.176915   -0.000427  
UNEDF1    26    48   0.180608   0.000000  
UNEDF1    26    50   0.171791   0.000000  
UNEDF1    26    52   0.093768   -0.000000  
UNEDF1    26    54   -0.071800   -0.000000  
UNEDF1    26    56   0.000000   0.000000  
UNEDF1    26    58   0.000768   -0.000000  
UNEDF1    26    60   0.000210   -0.000000  
UNEDF1    28    22   0.094989   -0.001964  
UNEDF1    28    24   0.176902   -0.000013  
UNEDF1    28    26   0.145655   0.000001  
UNEDF1    28    28   -0.000000   -0.000000  
UNEDF1    28    30   0.000000   -0.000000  
UNEDF1    28    32   0.116286   0.000000  
UNEDF1    28    34   -0.131204   -0.000000  
UNEDF1    28    36   -0.111853   0.000000  
UNEDF1    28    38   0.000000   -0.000000  
UNEDF1    28    40   0.002205   0.000000  
UNEDF1    28    42   -0.000000   -0.000000  
UNEDF1    28    44   -0.000000   -0.000000  
UNEDF1    28    46   -0.000000   0.000000  
UNEDF1    28    48   -0.000000   0.000000  
UNEDF1    28    50   -0.000000   0.000000  
UNEDF1    28    52   -0.000000   0.000000  
UNEDF1    28    54   -0.000000   0.000000  
UNEDF1    28    56   0.000000   0.000000  
UNEDF1    28    58   0.001438   0.000000  
UNEDF1    28    60   0.000815   -0.000000  
UNEDF1    28    62   0.001056   0.000000  
UNEDF1    30    26   0.148291   -0.000778  
UNEDF1    30    28   0.000000   0.000000  
UNEDF1    30    30   0.000000   -0.000000  
UNEDF1    30    32   0.141216   -0.000368  
UNEDF1    30    34   -0.165732   -0.000000  
UNEDF1    30    36   -0.133852   -0.000000  
UNEDF1    30    38   -0.000000   -0.000000  
UNEDF1    30    40   -0.000000   -0.000000  
UNEDF1    30    42   -0.000000   0.000000  
UNEDF1    30    44   0.139019   0.000000  
UNEDF1    30    46   0.146372   -0.000000  
UNEDF1    30    48   0.132957   0.000000  
UNEDF1    30    50   0.096668   0.000000  
UNEDF1    30    52   0.107652   0.000000  
UNEDF1    30    54   -0.114379   -0.000000  
UNEDF1    30    56   0.000000   0.000000  
UNEDF1    30    58   0.000000   0.000000  
UNEDF1    30    60   -0.000000   0.000000  
UNEDF1    30    62   -0.000000   -0.000000  
UNEDF1    30    64   -0.064773   0.000000  
UNEDF1    30    66   0.065724   -0.000000  
UNEDF1    30    68   0.172223   -0.000001  
UNEDF1    30    70   0.202328   0.000000  
UNEDF1    30    72   0.218000   -0.000001  
UNEDF1    30    74   0.228027   -0.000002  
UNEDF1    32    28   -0.141834   0.000000  
UNEDF1    32    30   0.144670   -0.000000  
UNEDF1    32    32   -0.187034   0.000000  
UNEDF1    32    34   -0.202376   0.000000  
UNEDF1    32    36   -0.186541   -0.000000  
UNEDF1    32    38   -0.164339   -0.000000  
UNEDF1    32    40   -0.000000   -0.000000  
UNEDF1    32    42   -0.000000   -0.000000  
UNEDF1    32    44   0.158220   0.000000  
UNEDF1    32    46   0.170427   0.003863  
UNEDF1    32    48   0.157887   -0.000000  
UNEDF1    32    50   0.137770   -0.000000  
UNEDF1    32    52   0.135525   0.000000  
UNEDF1    32    54   0.155070   0.000000  
UNEDF1    32    56   0.160515   -0.000000  
UNEDF1    32    58   -0.171979   -0.000000  
UNEDF1    32    60   -0.180239   0.000000  
UNEDF1    32    62   -0.180423   0.000000  
UNEDF1    32    64   -0.176769   0.000000  
UNEDF1    32    66   -0.167314   -0.000000  
UNEDF1    32    68   0.181990   -0.000007  
UNEDF1    32    70   0.189646   0.000003  
UNEDF1    32    72   0.198245   0.000003  
UNEDF1    32    74   0.206603   -0.000000  
UNEDF1    32    76   0.213288   -0.000000  
UNEDF1    32    78   0.216495   -0.000001  
UNEDF1    34    30   -0.147794   -0.000000  
UNEDF1    34    32   -0.201274   0.000647  
UNEDF1    34    34   -0.220685   0.000000  
UNEDF1    34    36   -0.220249   -0.000000  
UNEDF1    34    38   -0.180100   -0.000000  
UNEDF1    34    40   -0.000000   -0.000000  
UNEDF1    34    42   -0.000000   -0.000000  
UNEDF1    34    44   0.139242   0.000000  
UNEDF1    34    46   0.145299   0.000000  
UNEDF1    34    48   0.127469   0.000000  
UNEDF1    34    50   0.084789   0.000000  
UNEDF1    34    52   -0.121420   -0.000000  
UNEDF1    34    54   -0.141800   -0.000000  
UNEDF1    34    56   -0.157476   0.000000  
UNEDF1    34    58   -0.192632   -0.000000  
UNEDF1    34    60   -0.202878   0.000000  
UNEDF1    34    62   -0.202622   0.000000  
UNEDF1    34    64   -0.201045   0.000000  
UNEDF1    34    66   -0.194530   -0.000000  
UNEDF1    34    68   -0.181791   0.000000  
UNEDF1    34    70   -0.177570   0.000000  
UNEDF1    34    72   0.182071   -0.000000  
UNEDF1    34    74   0.200319   0.000000  
UNEDF1    34    76   0.202395   -0.000000  
UNEDF1    34    78   0.201314   0.000000  
UNEDF1    34    80   0.198100   0.000000  
UNEDF1    34    82   0.192742   -0.000001  
UNEDF1    36    32   -0.197575   -0.000000  
UNEDF1    36    34   -0.222199   -0.000000  
UNEDF1    36    36   -0.163939   -0.000000  
UNEDF1    36    38   -0.146771   -0.000000  
UNEDF1    36    40   -0.000000   -0.000000  
UNEDF1    36    42   -0.000000   -0.000000  
UNEDF1    36    44   0.072221   0.000000  
UNEDF1    36    46   0.108187   0.000000  
UNEDF1    36    48   0.060465   0.000000  
UNEDF1    36    50   0.000000   -0.000000  
UNEDF1    36    52   -0.076621   -0.000000  
UNEDF1    36    54   -0.108285   -0.000000  
UNEDF1    36    56   -0.126151   -0.000000  
UNEDF1    36    58   -0.154434   0.000000  
UNEDF1    36    60   -0.166890   0.000000  
UNEDF1    36    62   -0.177412   0.000000  
UNEDF1    36    64   -0.177557   0.000000  
UNEDF1    36    66   -0.167586   -0.000000  
UNEDF1    36    68   -0.162798   -0.000000  
UNEDF1    36    70   -0.130775   -0.000000  
UNEDF1    36    72   -0.109103   -0.000000  
UNEDF1    36    74   0.054173   0.000000  
UNEDF1    36    76   0.087248   0.000000  
UNEDF1    36    78   0.091752   0.000000  
UNEDF1    36    80   0.101059   -0.000000  
UNEDF1    36    82   0.098697   -0.000000  
UNEDF1    36    84   -0.112492   0.000000  
UNEDF1    36    86   -0.121579   0.000000  
UNEDF1    36    88   -0.126031   0.000000  
UNEDF1    38    34   -0.209704   -0.000000  
UNEDF1    38    36   -0.138455   -0.000000  
UNEDF1    38    38   -0.000000   0.000000  
UNEDF1    38    40   0.000490   0.000000  
UNEDF1    38    42   0.000551   0.000000  
UNEDF1    38    44   0.000000   0.000000  
UNEDF1    38    46   0.000000   -0.000000  
UNEDF1    38    48   0.000000   -0.000000  
UNEDF1    38    50   0.001661   0.000000  
UNEDF1    38    52   0.000000   0.000000  
UNEDF1    38    54   0.000000   -0.000000  
UNEDF1    38    56   0.000000   -0.000000  
UNEDF1    38    58   0.000000   0.000000  
UNEDF1    38    60   -0.158431   0.000000  
UNEDF1    38    62   -0.172446   0.000000  
UNEDF1    38    64   -0.177847   -0.000000  
UNEDF1    38    66   -0.170169   -0.000000  
UNEDF1    38    68   -0.148346   0.000000  
UNEDF1    38    70   -0.000000   -0.000000  
UNEDF1    38    72   0.001744   0.000000  
UNEDF1    38    74   0.001510   0.000000  
UNEDF1    38    76   -0.000000   -0.000000  
UNEDF1    38    78   0.001449   0.000000  
UNEDF1    38    80   0.001599   0.000000  
UNEDF1    38    82   0.002475   -0.000000  
UNEDF1    38    84   0.000000   -0.000000  
UNEDF1    38    86   0.000000   0.000000  
UNEDF1    38    88   -0.072037   -0.000000  
UNEDF1    38    90   0.000000   0.000000  
UNEDF1    38    92   0.000508   -0.000000  
UNEDF1    38    94   0.000192   -0.000000  
UNEDF1    40    36   -0.000000   0.000000  
UNEDF1    40    38   0.001134   0.000000  
UNEDF1    40    40   0.000196   0.000000  
UNEDF1    40    42   0.000196   -0.000000  
UNEDF1    40    44   0.000000   -0.000000  
UNEDF1    40    46   0.000000   -0.000000  
UNEDF1    40    48   0.000000   0.000000  
UNEDF1    40    50   0.000428   0.000000  
UNEDF1    40    52   0.000000   -0.000000  
UNEDF1    40    54   0.000000   0.000000  
UNEDF1    40    56   0.000000   0.000000  
UNEDF1    40    58   0.003008   0.061773  
UNEDF1    40    60   0.001626   0.064760  
UNEDF1    40    62   -0.190476   -0.000000  
UNEDF1    40    64   -0.194478   -0.000000  
UNEDF1    40    66   -0.194073   -0.000000  
UNEDF1    40    68   -0.187030   -0.000000  
UNEDF1    40    70   -0.001523   0.048184  
UNEDF1    40    72   0.000580   0.000000  
UNEDF1    40    74   0.000473   0.000000  
UNEDF1    40    76   -0.000000   -0.000000  
UNEDF1    40    78   0.000409   0.000000  
UNEDF1    40    80   0.000359   0.000000  
UNEDF1    40    82   0.000526   0.000000  
UNEDF1    40    84   0.001002   0.000000  
UNEDF1    40    86   0.000000   -0.000000  
UNEDF1    40    88   0.000000   -0.000000  
UNEDF1    40    90   0.000000   -0.000000  
UNEDF1    40    92   0.000209   0.000000  
UNEDF1    40    94   0.000154   -0.000000  
UNEDF1    40    96   0.000125   0.000000  
UNEDF1    42    38   0.004393   -0.005142  
UNEDF1    42    40   0.000145   -0.000000  
UNEDF1    42    42   0.000000   -0.000000  
UNEDF1    42    44   0.000000   -0.000000  
UNEDF1    42    46   0.000000   0.000000  
UNEDF1    42    48   0.000000   0.000000  
UNEDF1    42    50   0.000237   0.000000  
UNEDF1    42    52   0.000000   0.000000  
UNEDF1    42    54   0.000000   0.000000  
UNEDF1    42    56   0.000000   0.000000  
UNEDF1    42    58   -0.003076   0.072228  
UNEDF1    42    60   -0.202338   0.000000  
UNEDF1    42    62   -0.206466   0.000000  
UNEDF1    42    64   -0.208363   0.000000  
UNEDF1    42    66   -0.209428   0.000000  
UNEDF1    42    68   -0.208341   0.000000  
UNEDF1    42    70   -0.199130   0.000000  
UNEDF1    42    72   -0.042031   0.100015  
UNEDF1    42    74   -0.000000   0.000000  
UNEDF1    42    76   -0.000000   -0.000000  
UNEDF1    42    78   -0.000000   0.000000  
UNEDF1    42    80   -0.000000   0.000000  
UNEDF1    42    82   0.000280   -0.000000  
UNEDF1    42    84   0.000000   -0.000000  
UNEDF1    42    86   0.068553   -0.000000  
UNEDF1    42    88   -0.068511   0.000000  
UNEDF1    42    90   -0.061722   0.000000  
UNEDF1    42    92   0.000001   0.000000  
UNEDF1    42    94   -0.000160   0.000000  
UNEDF1    42    96   0.002794   -0.000000  
UNEDF1    44    42   0.000000   -0.000000  
UNEDF1    44    44   0.104038   -0.000000  
UNEDF1    44    46   0.120141   0.000000  
UNEDF1    44    48   0.083092   -0.000000  
UNEDF1    44    50   0.000761   -0.000000  
UNEDF1    44    52   0.083670   -0.000000  
UNEDF1    44    54   0.143014   0.000000  
UNEDF1    44    56   0.172873   -0.000000  
UNEDF1    44    58   0.194822   -0.000000  
UNEDF1    44    60   0.268106   0.000000  
UNEDF1    44    62   0.297218   -0.000000  
UNEDF1    44    64   -0.218612   -0.000000  
UNEDF1    44    66   -0.215904   -0.000000  
UNEDF1    44    68   -0.214055   -0.000000  
UNEDF1    44    70   -0.207283   -0.000000  
UNEDF1    44    72   0.196166   -0.000000  
UNEDF1    44    74   0.096317   0.000000  
UNEDF1    44    76   0.098795   -0.000000  
UNEDF1    44    78   0.079286   -0.000000  
UNEDF1    44    80   0.000000   -0.000000  
UNEDF1    44    82   0.000315   0.000000  
UNEDF1    44    84   0.059412   0.000000  
UNEDF1    44    86   0.086441   0.000000  
UNEDF1    44    88   0.085701   0.000000  
UNEDF1    44    90   -0.074736   -0.000000  
UNEDF1    44    92   0.000002   -0.000000  
UNEDF1    44    94   0.000450   -0.000000  
UNEDF1    44    96   0.000345   0.000000  
UNEDF1    44    98   -0.001238   0.000000  
UNEDF1    46    42   0.000000   0.000000  
UNEDF1    46    44   0.118390   -0.000000  
UNEDF1    46    46   0.119870   -0.000000  
UNEDF1    46    48   0.088938   0.000000  
UNEDF1    46    50   0.000686   -0.000000  
UNEDF1    46    52   0.097071   -0.000000  
UNEDF1    46    54   0.153930   0.000000  
UNEDF1    46    56   0.172735   0.000001  
UNEDF1    46    58   0.177724   0.000000  
UNEDF1    46    60   0.180349   0.000000  
UNEDF1    46    62   0.198691   0.000000  
UNEDF1    46    64   0.220611   -0.000000  
UNEDF1    46    66   0.221146   0.000000  
UNEDF1    46    68   0.216274   -0.000000  
UNEDF1    46    70   0.205563   -0.000000  
UNEDF1    46    72   0.175538   -0.000000  
UNEDF1    46    74   0.134741   0.000000  
UNEDF1    46    76   0.107851   0.000000  
UNEDF1    46    78   0.086908   0.000001  
UNEDF1    46    80   0.026747   -0.000000  
UNEDF1    46    82   0.000186   -0.000000  
UNEDF1    46    84   0.058451   -0.000000  
UNEDF1    46    86   0.094204   0.000001  
UNEDF1    46    88   0.097233   0.000000  
UNEDF1    46    90   0.091548   0.000000  
UNEDF1    46    92   0.000000   0.000000  
UNEDF1    46    94   0.001721   -0.000000  
UNEDF1    46    96   0.000000   0.000000  
UNEDF1    46    98   0.077054   -0.000000  
UNEDF1    46   100   0.087387   0.000001  
UNEDF1    46   102   0.095769   0.000000  
UNEDF1    46   104   0.146365   0.000000  
UNEDF1    46   106   0.158111   -0.000000  
UNEDF1    46   108   0.162625   0.000000  
UNEDF1    46   110   0.164093   0.000000  
UNEDF1    46   112   0.167898   0.000000  
UNEDF1    48    44   0.082794   -0.000000  
UNEDF1    48    46   0.091350   0.000000  
UNEDF1    48    48   0.072053   0.000000  
UNEDF1    48    50   -0.000202   -0.000000  
UNEDF1    48    52   0.048714   0.000000  
UNEDF1    48    54   0.128151   -0.000000  
UNEDF1    48    56   0.150849   -0.000000  
UNEDF1    48    58   0.155581   0.000000  
UNEDF1    48    60   0.149096   0.000000  
UNEDF1    48    62   0.146795   -0.000000  
UNEDF1    48    64   0.150629   0.000000  
UNEDF1    48    66   0.163383   -0.000000  
UNEDF1    48    68   0.176529   0.000000  
UNEDF1    48    70   0.161504   0.000000  
UNEDF1    48    72   0.137265   0.000000  
UNEDF1    48    74   0.097159   0.000000  
UNEDF1    48    76   0.079283   0.000000  
UNEDF1    48    78   0.064432   -0.000000  
UNEDF1    48    80   0.000000   0.000000  
UNEDF1    48    82   -0.000130   -0.000000  
UNEDF1    48    84   0.000000   -0.000000  
UNEDF1    48    86   0.067558   0.000000  
UNEDF1    48    88   0.075418   0.000000  
UNEDF1    48    90   0.032082   0.000000  
UNEDF1    48    92   0.006205   -0.000000  
UNEDF1    48    94   -0.000000   0.000000  
UNEDF1    48    96   -0.000000   0.000000  
UNEDF1    48    98   0.086727   -0.000000  
UNEDF1    48   100   0.093479   -0.000000  
UNEDF1    48   102   0.099269   0.000000  
UNEDF1    48   104   0.102407   0.000000  
UNEDF1    48   106   0.204374   -0.000000  
UNEDF1    48   108   0.199320   -0.000000  
UNEDF1    48   110   0.200233   0.000000  
UNEDF1    48   112   0.166962   0.000000  
UNEDF1    48   114   0.126271   -0.000000  
UNEDF1    48   116   0.125184   -0.000000  
UNEDF1    48   118   0.111941   0.000000  
UNEDF1    50    48   -0.000353   0.000000  
UNEDF1    50    50   -0.000136   -0.000000  
UNEDF1    50    52   -0.000000   -0.000000  
UNEDF1    50    54   -0.000000   -0.000000  
UNEDF1    50    56   -0.000000   0.000000  
UNEDF1    50    58   0.089314   -0.000000  
UNEDF1    50    60   0.086703   0.000000  
UNEDF1    50    62   -0.074434   -0.000000  
UNEDF1    50    64   -0.070921   -0.000000  
UNEDF1    50    66   -0.000000   0.000000  
UNEDF1    50    68   -0.000000   -0.000000  
UNEDF1    50    70   -0.000000   0.000000  
UNEDF1    50    72   -0.000000   0.000000  
UNEDF1    50    74   -0.000000   -0.000000  
UNEDF1    50    76   0.007351   -0.000000  
UNEDF1    50    78   0.000000   0.000000  
UNEDF1    50    80   0.000000   0.000000  
UNEDF1    50    82   0.001179   -0.000000  
UNEDF1    50    84   0.000000   -0.000000  
UNEDF1    50    86   0.000000   -0.000000  
UNEDF1    50    88   0.000000   0.000000  
UNEDF1    50    90   0.000000   -0.000000  
UNEDF1    50    92   0.000943   -0.000000  
UNEDF1    50    94   -0.000000   -0.000000  
UNEDF1    50    96   -0.000000   0.000000  
UNEDF1    50    98   -0.000000   0.000000  
UNEDF1    50   100   0.269689   0.000000  
UNEDF1    50   102   0.268525   -0.000000  
UNEDF1    50   104   0.255971   0.000000  
UNEDF1    50   106   0.239039   -0.000000  
UNEDF1    50   108   0.232336   0.000000  
UNEDF1    50   110   0.222417   0.000000  
UNEDF1    50   112   -0.000000   0.000000  
UNEDF1    50   114   0.000000   0.000000  
UNEDF1    50   116   -0.000000   0.000000  
UNEDF1    50   118   -0.000000   0.000000  
UNEDF1    50   120   -0.000000   0.000000  
UNEDF1    50   122   0.000000   -0.000000  
UNEDF1    50   124   0.000152   0.000000  
UNEDF1    52    54   0.167348   0.000000  
UNEDF1    52    56   0.175640   0.000000  
UNEDF1    52    58   0.178908   -0.000000  
UNEDF1    52    60   0.248026   -0.000000  
UNEDF1    52    62   0.297812   -0.000000  
UNEDF1    52    64   0.297549   -0.000000  
UNEDF1    52    66   0.295611   -0.000000  
UNEDF1    52    68   0.282715   0.000000  
UNEDF1    52    70   0.225172   -0.000000  
UNEDF1    52    72   0.153147   -0.000000  
UNEDF1    52    74   0.129033   0.000000  
UNEDF1    52    76   0.102110   -0.000000  
UNEDF1    52    78   0.076402   -0.000000  
UNEDF1    52    80   -0.000000   0.000000  
UNEDF1    52    82   0.000277   0.000000  
UNEDF1    52    84   0.061582   0.000000  
UNEDF1    52    86   0.104695   -0.000000  
UNEDF1    52    88   0.131306   -0.000002  
UNEDF1    52    90   0.144203   0.000000  
UNEDF1    52    92   0.155179   0.000000  
UNEDF1    52    94   0.173667   0.000000  
UNEDF1    52    96   0.231385   -0.000000  
UNEDF1    52    98   0.260149   0.000000  
UNEDF1    52   100   0.276046   0.000000  
UNEDF1    52   102   0.280407   -0.000000  
UNEDF1    52   104   0.277951   0.000000  
UNEDF1    52   106   0.270897   0.000000  
UNEDF1    52   108   0.234989   0.000000  
UNEDF1    52   110   0.212094   0.000000  
UNEDF1    52   112   0.190057   -0.000000  
UNEDF1    52   114   0.164364   0.000000  
UNEDF1    52   116   0.125694   0.000000  
UNEDF1    52   118   0.099031   -0.000000  
UNEDF1    52   120   0.077124   -0.000000  
UNEDF1    52   122   0.054767   -0.000000  
UNEDF1    52   124   -0.000000   0.000000  
UNEDF1    52   126   0.001088   0.000000  
UNEDF1    54    56   0.211095   0.122566  
UNEDF1    54    58   0.221015   0.108895  
UNEDF1    54    60   0.258500   0.000000  
UNEDF1    54    62   0.343105   0.000000  
UNEDF1    54    64   0.310728   0.000000  
UNEDF1    54    66   0.299805   0.000000  
UNEDF1    54    68   0.287868   0.000000  
UNEDF1    54    70   0.251072   -0.000000  
UNEDF1    54    72   0.210646   -0.000000  
UNEDF1    54    74   0.176043   -0.000000  
UNEDF1    54    76   0.149996   -0.000000  
UNEDF1    54    78   0.120600   0.000000  
UNEDF1    54    80   0.078032   0.000000  
UNEDF1    54    82   0.000000   0.000000  
UNEDF1    54    84   0.099014   -0.000000  
UNEDF1    54    86   0.140031   -0.000000  
UNEDF1    54    88   0.165461   0.087775  
UNEDF1    54    90   0.183364   0.093877  
UNEDF1    54    92   0.199590   0.077746  
UNEDF1    54    94   0.217141   -0.000000  
UNEDF1    54    96   0.238270   -0.000000  
UNEDF1    54    98   0.261050   0.000000  
UNEDF1    54   100   0.278041   0.000000  
UNEDF1    54   102   0.283684   0.000000  
UNEDF1    54   104   0.280182   0.000000  
UNEDF1    54   106   0.265631   0.000000  
UNEDF1    54   108   0.241842   0.000000  
UNEDF1    54   110   0.220908   0.000000  
UNEDF1    54   112   0.202281   0.000000  
UNEDF1    54   114   0.179541   -0.000000  
UNEDF1    54   116   0.159163   -0.000000  
UNEDF1    54   118   0.134970   0.000000  
UNEDF1    54   120   0.110579   0.000000  
UNEDF1    54   122   0.077636   -0.000000  
UNEDF1    54   124   0.036398   -0.000000  
UNEDF1    54   126   0.001209   -0.000000  
UNEDF1    56    58   0.250291   0.123361  
UNEDF1    56    60   0.352781   0.000000  
UNEDF1    56    62   0.380085   0.000000  
UNEDF1    56    64   0.372435   0.000000  
UNEDF1    56    66   0.327834   -0.000000  
UNEDF1    56    68   0.298730   -0.000000  
UNEDF1    56    70   0.270867   0.000000  
UNEDF1    56    72   0.241363   0.000000  
UNEDF1    56    74   0.204877   0.000000  
UNEDF1    56    76   0.171124   0.000000  
UNEDF1    56    78   0.134934   0.000000  
UNEDF1    56    80   0.093032   -0.000000  
UNEDF1    56    82   0.000000   -0.000000  
UNEDF1    56    84   0.106280   0.000000  
UNEDF1    56    86   0.153297   0.089217  
UNEDF1    56    88   0.185819   0.124641  
UNEDF1    56    90   0.204208   0.132324  
UNEDF1    56    92   0.219831   0.128439  
UNEDF1    56    94   0.247771   0.098993  
UNEDF1    56    96   0.274117   0.085389  
UNEDF1    56    98   0.282660   0.000000  
UNEDF1    56   100   0.290082   0.000000  
UNEDF1    56   102   0.291459   0.000000  
UNEDF1    56   104   0.282615   -0.000000  
UNEDF1    56   106   0.265809   -0.000000  
UNEDF1    56   108   0.247271   0.000000  
UNEDF1    56   110   0.229973   0.000000  
UNEDF1    56   112   0.212974   0.000000  
UNEDF1    56   114   0.194868   0.000000  
UNEDF1    56   116   0.175703   0.000000  
UNEDF1    56   118   0.149538   0.000000  
UNEDF1    56   120   0.118905   0.000000  
UNEDF1    56   122   0.087595   -0.000000  
UNEDF1    56   124   0.000000   0.000000  
UNEDF1    56   126   0.000508   -0.000000  
UNEDF1    58    60   0.383154   -0.000000  
UNEDF1    58    62   0.395224   0.000008  
UNEDF1    58    64   0.399985   0.000004  
UNEDF1    58    66   0.363884   0.000000  
UNEDF1    58    68   0.332915   0.000000  
UNEDF1    58    70   0.299963   0.000000  
UNEDF1    58    72   0.257739   -0.000000  
UNEDF1    58    74   0.212979   0.000000  
UNEDF1    58    76   0.172982   -0.000000  
UNEDF1    58    78   0.140217   0.000000  
UNEDF1    58    80   0.097371   0.000000  
UNEDF1    58    82   -0.000000   0.000000  
UNEDF1    58    84   0.106142   0.000000  
UNEDF1    58    86   0.156607   0.110550  
UNEDF1    58    88   0.189850   0.131550  
UNEDF1    58    90   0.211881   0.139340  
UNEDF1    58    92   0.288621   -0.000001  
UNEDF1    58    94   0.304528   -0.000001  
UNEDF1    58    96   0.312710   0.000004  
UNEDF1    58    98   0.317331   0.000002  
UNEDF1    58   100   0.319025   0.000000  
UNEDF1    58   102   0.319866   -0.000000  
UNEDF1    58   104   0.332903   0.000001  
UNEDF1    58   106   0.366945   0.000367  
UNEDF1    58   108   0.357345   0.000001  
UNEDF1    58   110   0.240414   0.000000  
UNEDF1    58   112   0.219391   0.000000  
UNEDF1    58   114   0.199493   0.000000  
UNEDF1    58   116   0.177607   -0.000000  
UNEDF1    58   118   0.153084   -0.000000  
UNEDF1    58   120   0.124637   -0.000000  
UNEDF1    58   122   0.088707   0.000000  
UNEDF1    58   124   0.008083   0.000000  
UNEDF1    58   126   0.006085   -0.000000  
UNEDF1    58   128   -0.000000   0.000000  
UNEDF1    60    62   0.393563   0.000000  
UNEDF1    60    64   0.388818   0.000000  
UNEDF1    60    66   0.376930   -0.000000  
UNEDF1    60    68   0.358560   -0.000000  
UNEDF1    60    70   0.391578   -0.000000  
UNEDF1    60    72   0.395765   0.000000  
UNEDF1    60    74   0.225049   0.000000  
UNEDF1    60    76   0.180594   0.000000  
UNEDF1    60    78   0.142573   0.000000  
UNEDF1    60    80   0.093723   0.000000  
UNEDF1    60    82   -0.000000   -0.000000  
UNEDF1    60    84   0.096406   0.059186  
UNEDF1    60    86   0.141283   0.109909  
UNEDF1    60    88   0.192745   0.135983  
UNEDF1    60    90   0.218895   0.139834  
UNEDF1    60    92   0.314846   -0.000000  
UNEDF1    60    94   0.324276   -0.000000  
UNEDF1    60    96   0.330066   0.000000  
UNEDF1    60    98   0.336654   0.037501  
UNEDF1    60   100   0.337799   0.000001  
UNEDF1    60   102   0.342233   0.000004  
UNEDF1    60   104   0.357198   -0.000005  
UNEDF1    60   106   0.361419   -0.000000  
UNEDF1    60   108   0.353760   -0.000004  
UNEDF1    60   110   0.331376   -0.000001  
UNEDF1    60   112   0.230227   0.000000  
UNEDF1    60   114   0.209398   0.000000  
UNEDF1    60   116   0.186773   0.000000  
UNEDF1    60   118   0.159529   0.000000  
UNEDF1    60   120   0.121257   -0.000000  
UNEDF1    60   122   0.051999   -0.000000  
UNEDF1    60   124   -0.000001   0.000000  
UNEDF1    60   126   0.000215   -0.000000  
UNEDF1    60   128   0.000000   -0.000000  
UNEDF1    60   130   0.077449   -0.000000  
UNEDF1    60   132   0.107897   0.067307  
UNEDF1    60   134   0.129510   0.088609  
UNEDF1    60   136   0.142976   0.097163  
UNEDF1    62    66   0.375434   0.000000  
UNEDF1    62    68   0.360578   0.000000  
UNEDF1    62    70   0.372148   -0.000000  
UNEDF1    62    72   0.385092   0.000000  
UNEDF1    62    74   0.362976   -0.000000  
UNEDF1    62    76   0.196413   -0.000000  
UNEDF1    62    78   0.150535   0.000000  
UNEDF1    62    80   0.041916   -0.000000  
UNEDF1    62    82   -0.000000   -0.000000  
UNEDF1    62    84   0.080134   0.082754  
UNEDF1    62    86   0.126296   0.132593  
UNEDF1    62    88   0.192800   0.135112  
UNEDF1    62    90   0.309954   -0.000001  
UNEDF1    62    92   0.317960   0.000000  
UNEDF1    62    94   0.328125   -0.000000  
UNEDF1    62    96   0.333982   0.055362  
UNEDF1    62    98   0.336853   -0.000001  
UNEDF1    62   100   0.338720   0.000001  
UNEDF1    62   102   0.339033   0.000001  
UNEDF1    62   104   0.349382   -0.000000  
UNEDF1    62   106   0.348930   -0.000001  
UNEDF1    62   108   0.341849   0.000001  
UNEDF1    62   110   0.272708   -0.000000  
UNEDF1    62   112   0.248416   0.000000  
UNEDF1    62   114   0.227776   0.000000  
UNEDF1    62   116   0.203556   -0.000000  
UNEDF1    62   118   -0.164296   -0.000000  
UNEDF1    62   120   -0.113957   0.000000  
UNEDF1    62   122   0.026165   -0.000000  
UNEDF1    62   124   -0.000000   -0.000000  
UNEDF1    62   126   0.000134   -0.000000  
UNEDF1    62   128   0.000001   -0.000000  
UNEDF1    62   130   0.076253   0.067308  
UNEDF1    62   132   0.099438   0.091533  
UNEDF1    62   134   0.116627   0.106470  
UNEDF1    62   136   0.130545   0.116626  
UNEDF1    62   138   0.141568   0.123240  
UNEDF1    62   140   0.145306   0.125734  
UNEDF1    62   142   -0.199518   0.000000  
UNEDF1    62   144   0.289248   -0.000000  
UNEDF1    62   146   0.295499   0.000000  
UNEDF1    64    68   0.354464   -0.000000  
UNEDF1    64    70   0.357247   0.000000  
UNEDF1    64    72   0.380473   -0.000000  
UNEDF1    64    74   0.362864   -0.000000  
UNEDF1    64    76   -0.194760   -0.000000  
UNEDF1    64    78   -0.163049   -0.000000  
UNEDF1    64    80   -0.000000   0.000000  
UNEDF1    64    82   0.000726   0.000000  
UNEDF1    64    84   0.064691   0.085118  
UNEDF1    64    86   0.101339   0.135150  
UNEDF1    64    88   0.162306   0.158923  
UNEDF1    64    90   0.289907   -0.000000  
UNEDF1    64    92   0.313516   0.000000  
UNEDF1    64    94   0.324290   0.000000  
UNEDF1    64    96   0.331332   -0.000000  
UNEDF1    64    98   0.334628   0.000000  
UNEDF1    64   100   0.335079   0.000000  
UNEDF1    64   102   0.333378   0.000000  
UNEDF1    64   104   0.333337   -0.000001  
UNEDF1    64   106   0.338253   0.000001  
UNEDF1    64   108   0.317029   -0.000001  
UNEDF1    64   110   0.289522   -0.000000  
UNEDF1    64   112   0.268130   -0.000000  
UNEDF1    64   114   0.257970   0.000000  
UNEDF1    64   116   0.254882   -0.000000  
UNEDF1    64   118   -0.177335   -0.000000  
UNEDF1    64   120   -0.151336   -0.000000  
UNEDF1    64   122   -0.096351   -0.000000  
UNEDF1    64   124   -0.000000   0.000000  
UNEDF1    64   126   0.000141   0.000000  
UNEDF1    64   128   0.000000   0.000000  
UNEDF1    64   130   0.069155   0.086655  
UNEDF1    64   132   0.092469   0.110170  
UNEDF1    64   134   0.106127   0.123007  
UNEDF1    64   136   0.121219   0.136329  
UNEDF1    64   138   0.135195   0.144227  
UNEDF1    64   140   0.143113   0.147796  
UNEDF1    64   142   0.285451   0.000001  
UNEDF1    64   144   0.289313   -0.000000  
UNEDF1    64   146   0.294480   -0.000000  
UNEDF1    64   148   0.298382   0.000002  
UNEDF1    64   150   0.301856   0.000000  
UNEDF1    64   152   0.303811   0.000000  
UNEDF1    64   154   0.303397   -0.000000  
UNEDF1    66    72   0.370001   0.000000  
UNEDF1    66    74   0.357058   0.000000  
UNEDF1    66    76   -0.209656   0.000000  
UNEDF1    66    78   -0.173881   -0.000000  
UNEDF1    66    80   -0.134681   -0.000000  
UNEDF1    66    82   -0.000000   0.000000  
UNEDF1    66    84   0.061004   0.086666  
UNEDF1    66    86   0.092185   0.137124  
UNEDF1    66    88   0.225696   -0.000000  
UNEDF1    66    90   0.300016   0.000000  
UNEDF1    66    92   0.312984   0.000000  
UNEDF1    66    94   0.320957   -0.000000  
UNEDF1    66    96   0.326794   0.000000  
UNEDF1    66    98   0.330229   -0.000000  
UNEDF1    66   100   0.331233   -0.000000  
UNEDF1    66   102   0.329301   -0.000000  
UNEDF1    66   104   0.326051   -0.000000  
UNEDF1    66   106   0.319748   0.000000  
UNEDF1    66   108   0.304642   -0.000000  
UNEDF1    66   110   0.291270   -0.000000  
UNEDF1    66   112   0.280510   -0.000000  
UNEDF1    66   114   0.278001   -0.000000  
UNEDF1    66   116   -0.190456   0.000000  
UNEDF1    66   118   -0.182881   0.000000  
UNEDF1    66   120   -0.165156   -0.000000  
UNEDF1    66   122   -0.118949   -0.000000  
UNEDF1    66   124   -0.000001   0.000000  
UNEDF1    66   126   0.000184   -0.000000  
UNEDF1    66   128   0.018107   0.000000  
UNEDF1    66   130   0.071807   0.096049  
UNEDF1    66   132   0.089731   0.116408  
UNEDF1    66   134   0.101404   0.134502  
UNEDF1    66   136   0.119086   0.148063  
UNEDF1    66   138   0.132390   0.156135  
UNEDF1    66   140   -0.180844   -0.000000  
UNEDF1    66   142   0.283232   0.000000  
UNEDF1    66   144   0.291292   -0.000000  
UNEDF1    66   146   0.294035   -0.000000  
UNEDF1    66   148   0.296564   0.000000  
UNEDF1    66   150   0.297620   0.000000  
UNEDF1    66   152   0.299964   -0.000000  
UNEDF1    66   154   0.301304   -0.000000  
UNEDF1    66   156   0.304911   -0.000001  
UNEDF1    68    74   0.343720   -0.000000  
UNEDF1    68    76   -0.207239   -0.000000  
UNEDF1    68    78   -0.177348   -0.000000  
UNEDF1    68    80   -0.143764   -0.000000  
UNEDF1    68    82   -0.000000   -0.000000  
UNEDF1    68    84   -0.097267   0.000000  
UNEDF1    68    86   0.110956   0.127173  
UNEDF1    68    88   0.210941   -0.000000  
UNEDF1    68    90   0.253566   0.000000  
UNEDF1    68    92   0.296887   -0.000000  
UNEDF1    68    94   0.312626   0.000001  
UNEDF1    68    96   0.320982   0.000000  
UNEDF1    68    98   0.325789   0.000000  
UNEDF1    68   100   0.327445   -0.000000  
UNEDF1    68   102   0.325298   -0.000000  
UNEDF1    68   104   0.319861   0.000000  
UNEDF1    68   106   0.311249   -0.000000  
UNEDF1    68   108   0.299686   0.000000  
UNEDF1    68   110   0.289225   -0.000000  
UNEDF1    68   112   0.281114   -0.000000  
UNEDF1    68   114   0.275711   0.000000  
UNEDF1    68   116   -0.192013   -0.000000  
UNEDF1    68   118   -0.185688   0.000000  
UNEDF1    68   120   -0.172473   0.000000  
UNEDF1    68   122   -0.124741   -0.000000  
UNEDF1    68   124   -0.000002   0.000000  
UNEDF1    68   126   0.000272   0.000000  
UNEDF1    68   128   -0.033849   0.000000  
UNEDF1    68   130   0.065594   0.090647  
UNEDF1    68   132   0.089225   0.114885  
UNEDF1    68   134   0.099810   0.135028  
UNEDF1    68   136   0.142006   0.139186  
UNEDF1    68   138   0.177842   0.132275  
UNEDF1    68   140   0.238699   0.000000  
UNEDF1    68   142   0.257695   0.000000  
UNEDF1    68   144   0.271297   -0.000000  
UNEDF1    68   146   0.280475   -0.000000  
UNEDF1    68   148   0.284469   0.000000  
UNEDF1    68   150   0.285286   0.000000  
UNEDF1    68   152   0.286338   -0.000001  
UNEDF1    68   154   0.288922   0.000000  
UNEDF1    68   156   0.292197   0.000000  
UNEDF1    68   158   0.293931   0.000000  
UNEDF1    68   160   0.295821   -0.000000  
UNEDF1    68   162   0.293458   0.000000  
UNEDF1    70    78   -0.171339   -0.000000  
UNEDF1    70    80   -0.137971   0.000000  
UNEDF1    70    82   -0.000000   0.000000  
UNEDF1    70    84   -0.093972   0.000000  
UNEDF1    70    86   0.152559   0.000000  
UNEDF1    70    88   0.193552   0.000000  
UNEDF1    70    90   0.228535   -0.000000  
UNEDF1    70    92   0.263339   -0.000000  
UNEDF1    70    94   0.293991   0.000001  
UNEDF1    70    96   0.315324   0.000000  
UNEDF1    70    98   0.333628   -0.000000  
UNEDF1    70   100   0.332758   -0.000000  
UNEDF1    70   102   0.327094   0.000000  
UNEDF1    70   104   0.317641   -0.000000  
UNEDF1    70   106   0.304757   0.000000  
UNEDF1    70   108   0.292292   -0.000000  
UNEDF1    70   110   0.281427   -0.000000  
UNEDF1    70   112   0.272771   0.000000  
UNEDF1    70   114   0.262809   0.000000  
UNEDF1    70   116   -0.190677   -0.000000  
UNEDF1    70   118   -0.183529   -0.000000  
UNEDF1    70   120   -0.171427   -0.000000  
UNEDF1    70   122   -0.124456   -0.000000  
UNEDF1    70   124   -0.069160   0.000000  
UNEDF1    70   126   0.000320   0.000000  
UNEDF1    70   128   -0.033877   0.000000  
UNEDF1    70   130   0.082388   -0.000000  
UNEDF1    70   132   0.090655   0.096862  
UNEDF1    70   134   0.145902   0.090945  
UNEDF1    70   136   0.164270   0.107267  
UNEDF1    70   138   0.207063   0.061089  
UNEDF1    70   140   0.231085   0.036661  
UNEDF1    70   142   0.248797   0.000000  
UNEDF1    70   144   0.264088   0.000000  
UNEDF1    70   146   0.273437   0.000000  
UNEDF1    70   148   0.274534   0.000000  
UNEDF1    70   150   0.274155   -0.000000  
UNEDF1    70   152   0.273639   0.000000  
UNEDF1    70   154   0.273498   0.000000  
UNEDF1    70   156   0.273604   0.000000  
UNEDF1    70   158   0.274542   -0.000000  
UNEDF1    70   160   0.275197   -0.000000  
UNEDF1    70   162   0.276416   -0.000000  
UNEDF1    70   164   0.271893   0.000000  
UNEDF1    70   166   0.265013   -0.000000  
UNEDF1    72    80   -0.124147   0.000000  
UNEDF1    72    82   -0.000000   -0.000000  
UNEDF1    72    84   -0.086817   0.000000  
UNEDF1    72    86   0.146130   0.000000  
UNEDF1    72    88   0.183018   0.000000  
UNEDF1    72    90   0.207972   0.000000  
UNEDF1    72    92   0.233983   0.000000  
UNEDF1    72    94   0.259178   -0.000000  
UNEDF1    72    96   0.323244   0.000000  
UNEDF1    72    98   0.341284   0.000000  
UNEDF1    72   100   0.347242   0.000000  
UNEDF1    72   102   0.342188   0.000000  
UNEDF1    72   104   0.325835   0.000000  
UNEDF1    72   106   0.286034   0.000000  
UNEDF1    72   108   0.271963   0.000000  
UNEDF1    72   110   0.262609   0.000000  
UNEDF1    72   112   0.250123   -0.000000  
UNEDF1    72   114   0.228180   -0.000000  
UNEDF1    72   116   -0.181324   0.000000  
UNEDF1    72   118   -0.173875   0.000000  
UNEDF1    72   120   -0.157727   0.000000  
UNEDF1    72   122   -0.116006   0.000000  
UNEDF1    72   124   -0.071826   0.000000  
UNEDF1    72   126   0.000292   -0.000000  
UNEDF1    72   128   -0.032534   0.000000  
UNEDF1    72   130   0.082503   -0.000000  
UNEDF1    72   132   0.117957   0.043688  
UNEDF1    72   134   0.147361   0.062444  
UNEDF1    72   136   0.171567   0.064731  
UNEDF1    72   138   0.195002   0.049109  
UNEDF1    72   140   0.218284   0.000001  
UNEDF1    72   142   0.250257   0.000000  
UNEDF1    72   144   0.268266   0.000000  
UNEDF1    72   146   0.278896   0.000001  
UNEDF1    72   148   0.281153   0.000001  
UNEDF1    72   150   0.276132   0.000001  
UNEDF1    72   152   0.271692   0.000000  
UNEDF1    72   154   0.268303   0.000000  
UNEDF1    72   156   0.264738   -0.000000  
UNEDF1    72   158   0.260075   0.000000  
UNEDF1    72   160   0.253651   0.000000  
UNEDF1    72   162   0.242659   0.000000  
UNEDF1    72   164   0.229304   0.000000  
UNEDF1    72   166   0.215434   0.000000  
UNEDF1    72   168   0.199692   0.000000  
UNEDF1    72   170   0.182982   0.000000  
UNEDF1    72   172   0.166354   0.000000  
UNEDF1    72   174   0.148454   0.000000  
UNEDF1    72   176   0.131553   0.000000  
UNEDF1    74    82   -0.000000   -0.000000  
UNEDF1    74    84   -0.065221   0.000002  
UNEDF1    74    86   0.138473   0.000000  
UNEDF1    74    88   0.167438   0.000000  
UNEDF1    74    90   0.187737   0.000000  
UNEDF1    74    92   0.207062   0.000000  
UNEDF1    74    94   0.231309   0.000000  
UNEDF1    74    96   0.305580   0.000001  
UNEDF1    74    98   0.319662   0.000000  
UNEDF1    74   100   0.328632   0.000001  
UNEDF1    74   102   0.332016   0.000000  
UNEDF1    74   104   0.319535   0.000000  
UNEDF1    74   106   0.263612   0.000000  
UNEDF1    74   108   0.250650   0.000000  
UNEDF1    74   110   0.240150   0.000000  
UNEDF1    74   112   0.227752   -0.000000  
UNEDF1    74   114   0.206721   0.000000  
UNEDF1    74   116   0.182971   -0.000000  
UNEDF1    74   118   -0.160245   0.000000  
UNEDF1    74   120   -0.139716   0.000000  
UNEDF1    74   122   -0.106729   -0.000000  
UNEDF1    74   124   -0.070186   0.000000  
UNEDF1    74   126   0.000203   -0.000000  
UNEDF1    74   128   -0.029952   0.000000  
UNEDF1    74   130   0.073374   0.000000  
UNEDF1    74   132   0.104190   -0.000000  
UNEDF1    74   134   0.137117   0.050249  
UNEDF1    74   136   0.157345   0.051632  
UNEDF1    74   138   0.179357   -0.000000  
UNEDF1    74   140   0.215004   -0.000000  
UNEDF1    74   142   0.255685   0.000000  
UNEDF1    74   144   0.270269   0.000001  
UNEDF1    74   146   0.279106   0.000001  
UNEDF1    74   148   0.283591   0.000001  
UNEDF1    74   150   0.284002   0.000000  
UNEDF1    74   152   0.280772   -0.000000  
UNEDF1    74   154   0.276587   0.000000  
UNEDF1    74   156   0.272937   0.000000  
UNEDF1    74   158   0.274238   0.000000  
UNEDF1    74   160   0.270191   0.000000  
UNEDF1    74   162   0.227060   0.000000  
UNEDF1    74   164   0.211121   0.000000  
UNEDF1    74   166   0.197631   0.000000  
UNEDF1    74   168   0.183459   0.000000  
UNEDF1    74   170   0.168751   0.000000  
UNEDF1    74   172   0.153389   0.000000  
UNEDF1    74   174   0.137075   0.000000  
UNEDF1    74   176   0.119337   0.000000  
UNEDF1    74   178   0.098290   0.000000  
UNEDF1    74   180   0.071776   0.000000  
UNEDF1    74   182   -0.000000   0.000000  
UNEDF1    74   184   0.000432   0.000000  
UNEDF1    76    86   0.118120   -0.000000  
UNEDF1    76    88   0.151236   0.000000  
UNEDF1    76    90   0.165795   0.026421  
UNEDF1    76    92   0.181057   -0.000000  
UNEDF1    76    94   0.275346   0.000000  
UNEDF1    76    96   0.291313   0.000001  
UNEDF1    76    98   0.302784   0.000001  
UNEDF1    76   100   0.311155   -0.000000  
UNEDF1    76   102   0.312525   0.000001  
UNEDF1    76   104   0.300865   0.000000  
UNEDF1    76   106   0.257567   0.000000  
UNEDF1    76   108   0.236671   0.000000  
UNEDF1    76   110   0.222897   -0.000000  
UNEDF1    76   112   0.205346   0.000000  
UNEDF1    76   114   0.189341   -0.000000  
UNEDF1    76   116   0.164062   0.000000  
UNEDF1    76   118   -0.145029   0.000000  
UNEDF1    76   120   -0.123263   0.000000  
UNEDF1    76   122   -0.097591   0.000000  
UNEDF1    76   124   -0.064808   0.000000  
UNEDF1    76   126   0.000137   -0.000000  
UNEDF1    76   128   0.000001   -0.000000  
UNEDF1    76   130   0.053893   0.000000  
UNEDF1    76   132   0.084947   0.041561  
UNEDF1    76   134   0.111705   0.052731  
UNEDF1    76   136   0.144001   0.066592  
UNEDF1    76   138   0.159575   0.048677  
UNEDF1    76   140   0.232736   0.000000  
UNEDF1    76   142   0.250709   0.000000  
UNEDF1    76   144   0.263397   0.000000  
UNEDF1    76   146   0.273478   0.000000  
UNEDF1    76   148   0.279182   0.000000  
UNEDF1    76   150   0.280659   -0.000000  
UNEDF1    76   152   0.278849   0.000000  
UNEDF1    76   154   0.275904   0.000000  
UNEDF1    76   156   0.272668   0.000000  
UNEDF1    76   158   0.272541   0.000000  
UNEDF1    76   160   0.268248   0.000000  
UNEDF1    76   162   0.223008   0.000000  
UNEDF1    76   164   0.202267   0.000000  
UNEDF1    76   166   0.185682   0.000000  
UNEDF1    76   168   0.170494   0.000000  
UNEDF1    76   170   0.155750   0.000000  
UNEDF1    76   172   0.140585   -0.000000  
UNEDF1    76   174   -0.117527   0.020155  
UNEDF1    76   176   -0.105251   0.000000  
UNEDF1    76   178   -0.087471   0.000000  
UNEDF1    76   180   0.061630   0.000000  
UNEDF1    76   182   -0.000000   0.000000  
UNEDF1    76   184   0.000154   -0.000000  
UNEDF1    78    90   0.135104   0.027151  
UNEDF1    78    92   0.154021   0.051225  
UNEDF1    78    94   0.165003   0.000000  
UNEDF1    78    96   0.279370   0.000000  
UNEDF1    78    98   0.293741   -0.000001  
UNEDF1    78   100   0.304628   0.000001  
UNEDF1    78   102   0.306390   0.000001  
UNEDF1    78   104   0.295460   0.000000  
UNEDF1    78   106   0.276326   0.000000  
UNEDF1    78   108   0.255057   0.000000  
UNEDF1    78   110   -0.164241   0.040916  
UNEDF1    78   112   -0.156705   0.032710  
UNEDF1    78   114   -0.150721   0.012803  
UNEDF1    78   116   -0.141870   0.000000  
UNEDF1    78   118   -0.132952   0.000000  
UNEDF1    78   120   -0.113908   0.000000  
UNEDF1    78   122   -0.091899   0.000000  
UNEDF1    78   124   -0.000001   -0.000000  
UNEDF1    78   126   0.000110   -0.000000  
UNEDF1    78   128   0.000000   -0.000000  
UNEDF1    78   130   0.017580   -0.000000  
UNEDF1    78   132   0.055682   0.051227  
UNEDF1    78   134   0.020383   0.105488  
UNEDF1    78   136   0.001167   0.123895  
UNEDF1    78   138   -0.010933   0.139736  
UNEDF1    78   140   0.222998   0.000000  
UNEDF1    78   142   0.240560   0.000001  
UNEDF1    78   144   0.255285   -0.000000  
UNEDF1    78   146   0.267748   0.000001  
UNEDF1    78   148   0.274137   0.000000  
UNEDF1    78   150   0.275446   0.000000  
UNEDF1    78   152   0.273127   0.000000  
UNEDF1    78   154   0.270367   0.000000  
UNEDF1    78   156   0.266991   0.000000  
UNEDF1    78   158   0.262225   0.000000  
UNEDF1    78   160   0.251352   0.000000  
UNEDF1    78   162   0.230360   0.000000  
UNEDF1    78   164   -0.166636   0.050767  
UNEDF1    78   166   -0.155978   0.031639  
UNEDF1    78   168   -0.144859   0.028798  
UNEDF1    78   170   -0.134628   0.009211  
UNEDF1    78   172   -0.124345   0.000000  
UNEDF1    78   174   -0.113552   0.000000  
UNEDF1    78   176   -0.100624   0.000000  
UNEDF1    78   178   -0.083825   0.000000  
UNEDF1    78   180   -0.061169   0.000000  
UNEDF1    78   182   0.000000   0.000000  
UNEDF1    78   184   0.000098   -0.000000  
UNEDF1    80    94   0.125268   0.077537  
UNEDF1    80    96   0.263335   0.000000  
UNEDF1    80    98   0.293427   0.000003  
UNEDF1    80   100   0.308174   0.000000  
UNEDF1    80   102   0.309822   0.000001  
UNEDF1    80   104   0.299763   0.000001  
UNEDF1    80   106   0.284413   0.000000  
UNEDF1    80   108   -0.169137   0.000000  
UNEDF1    80   110   -0.160021   0.000000  
UNEDF1    80   112   -0.151617   0.000000  
UNEDF1    80   114   -0.144153   0.000000  
UNEDF1    80   116   -0.135034   0.000000  
UNEDF1    80   118   -0.122303   0.000000  
UNEDF1    80   120   -0.096717   0.000000  
UNEDF1    80   122   -0.071797   0.000000  
UNEDF1    80   124   -0.000000   -0.000000  
UNEDF1    80   126   0.000231   0.000000  
UNEDF1    80   128   0.000000   0.000000  
UNEDF1    80   130   0.000002   -0.000000  
UNEDF1    80   132   0.000003   -0.000000  
UNEDF1    80   134   0.020343   0.084818  
UNEDF1    80   136   0.019278   0.103310  
UNEDF1    80   138   0.001359   0.111666  
UNEDF1    80   140   0.127321   0.102094  
UNEDF1    80   142   0.228081   0.000000  
UNEDF1    80   144   0.248196   0.000000  
UNEDF1    80   146   0.263355   0.000003  
UNEDF1    80   148   0.270031   0.000001  
UNEDF1    80   150   0.271276   0.000001  
UNEDF1    80   152   0.269661   0.000001  
UNEDF1    80   154   0.267190   0.000000  
UNEDF1    80   156   0.263695   0.000000  
UNEDF1    80   158   0.258762   0.000000  
UNEDF1    80   160   0.249538   0.000000  
UNEDF1    80   162   0.234337   0.000000  
UNEDF1    80   164   -0.167158   0.000000  
UNEDF1    80   166   -0.158154   0.000000  
UNEDF1    80   168   -0.147672   0.000000  
UNEDF1    80   170   -0.135768   0.000000  
UNEDF1    80   172   -0.124311   0.000000  
UNEDF1    80   174   -0.112036   0.000000  
UNEDF1    80   176   -0.096537   0.000000  
UNEDF1    80   178   -0.070483   0.000000  
UNEDF1    80   180   -0.000000   -0.000000  
UNEDF1    80   182   0.000000   0.000000  
UNEDF1    80   184   0.000076   -0.000000  
UNEDF1    82    96   0.000000   0.000000  
UNEDF1    82    98   0.000348   0.024708  
UNEDF1    82   100   0.309694   -0.000001  
UNEDF1    82   102   0.308186   0.000001  
UNEDF1    82   104   0.297000   -0.000000  
UNEDF1    82   106   -0.194248   -0.000000  
UNEDF1    82   108   -0.186402   -0.000000  
UNEDF1    82   110   -0.000000   0.000000  
UNEDF1    82   112   -0.000000   0.000000  
UNEDF1    82   114   -0.000000   0.000000  
UNEDF1    82   116   -0.000000   0.000000  
UNEDF1    82   118   -0.000000   0.000000  
UNEDF1    82   120   0.000791   0.000000  
UNEDF1    82   122   0.000141   0.000000  
UNEDF1    82   124   0.000094   0.000000  
UNEDF1    82   126   -0.000849   -0.000000  
UNEDF1    82   128   -0.000000   0.000000  
UNEDF1    82   130   -0.000101   -0.000000  
UNEDF1    82   132   -0.008348   -0.000002  
UNEDF1    82   134   -0.009908   -0.000002  
UNEDF1    82   136   0.001235   0.032145  
UNEDF1    82   138   -0.014615   -0.000002  
UNEDF1    82   140   0.001263   0.048501  
UNEDF1    82   142   0.000449   0.047734  
UNEDF1    82   144   0.232887   -0.000000  
UNEDF1    82   146   0.249579   -0.000000  
UNEDF1    82   148   0.257248   -0.000000  
UNEDF1    82   150   0.259620   -0.000001  
UNEDF1    82   152   0.259053   -0.000001  
UNEDF1    82   154   0.257049   -0.000000  
UNEDF1    82   156   0.253642   -0.000000  
UNEDF1    82   158   0.247683   -0.000000  
UNEDF1    82   160   -0.177992   -0.000000  
UNEDF1    82   162   -0.173728   -0.000000  
UNEDF1    82   164   -0.168464   -0.000000  
UNEDF1    82   166   -0.161775   -0.000000  
UNEDF1    82   168   -0.153182   -0.000000  
UNEDF1    82   170   -0.142305   -0.000000  
UNEDF1    82   172   -0.000000   0.000000  
UNEDF1    82   174   -0.000000   0.000000  
UNEDF1    82   176   0.001007   0.000000  
UNEDF1    82   178   0.000233   0.000000  
UNEDF1    82   180   0.000105   0.000000  
UNEDF1    82   182   -0.000824   0.000000  
UNEDF1    82   184   -0.000322   -0.000000  
UNEDF1    84   102   0.308675   -0.000000  
UNEDF1    84   104   0.298774   -0.000000  
UNEDF1    84   106   0.279389   -0.000000  
UNEDF1    84   108   -0.206765   -0.000000  
UNEDF1    84   110   -0.196136   -0.000000  
UNEDF1    84   112   -0.093733   -0.000000  
UNEDF1    84   114   -0.086792   0.000000  
UNEDF1    84   116   -0.069336   -0.000001  
UNEDF1    84   118   -0.061116   -0.000001  
UNEDF1    84   120   -0.034640   -0.000001  
UNEDF1    84   122   -0.000001   0.000000  
UNEDF1    84   124   -0.000000   0.000000  
UNEDF1    84   126   0.000078   0.000000  
UNEDF1    84   128   -0.000000   0.000000  
UNEDF1    84   130   -0.000000   0.000000  
UNEDF1    84   132   0.000000   0.000000  
UNEDF1    84   134   0.000002   0.000000  
UNEDF1    84   136   0.112008   0.105208  
UNEDF1    84   138   0.130472   0.110491  
UNEDF1    84   140   0.165275   0.000000  
UNEDF1    84   142   0.193499   0.000000  
UNEDF1    84   144   0.219151   0.000000  
UNEDF1    84   146   0.239974   0.000000  
UNEDF1    84   148   0.250297   0.000000  
UNEDF1    84   150   0.252326   -0.000000  
UNEDF1    84   152   0.251257   -0.000001  
UNEDF1    84   154   0.249284   -0.000000  
UNEDF1    84   156   0.245701   -0.000000  
UNEDF1    84   158   0.238477   -0.000000  
UNEDF1    84   160   0.221987   -0.000000  
UNEDF1    84   162   -0.181946   -0.000000  
UNEDF1    84   164   -0.176314   -0.000000  
UNEDF1    84   166   -0.169587   -0.000000  
UNEDF1    84   168   -0.160824   -0.000000  
UNEDF1    84   170   -0.140051   -0.000000  
UNEDF1    84   172   -0.093521   -0.000000  
UNEDF1    84   174   -0.056695   -0.000001  
UNEDF1    84   176   -0.046633   -0.000000  
UNEDF1    84   178   -0.000001   0.000000  
UNEDF1    84   180   -0.000000   0.000000  
UNEDF1    84   182   0.000111   0.000000  
UNEDF1    84   184   -0.000072   -0.000000  
UNEDF1    84   186   0.000080   0.000000  
UNEDF1    86   106   0.277090   -0.000000  
UNEDF1    86   108   0.253163   -0.000000  
UNEDF1    86   110   -0.218053   -0.000000  
UNEDF1    86   112   0.143456   0.000000  
UNEDF1    86   114   0.124545   0.000000  
UNEDF1    86   116   -0.112200   -0.000000  
UNEDF1    86   118   -0.087148   -0.000001  
UNEDF1    86   120   -0.073111   -0.000000  
UNEDF1    86   122   -0.033203   -0.000001  
UNEDF1    86   124   -0.000000   0.000000  
UNEDF1    86   126   0.000097   0.000000  
UNEDF1    86   128   -0.000000   0.000000  
UNEDF1    86   130   0.000001   0.000000  
UNEDF1    86   132   0.111623   0.114624  
UNEDF1    86   134   0.134485   0.126348  
UNEDF1    86   136   0.150640   0.146371  
UNEDF1    86   138   0.169828   0.149190  
UNEDF1    86   140   0.189160   0.133811  
UNEDF1    86   142   0.210229   0.103592  
UNEDF1    86   144   0.221437   0.030370  
UNEDF1    86   146   0.234599   -0.000000  
UNEDF1    86   148   0.244092   -0.000000  
UNEDF1    86   150   0.245201   0.000000  
UNEDF1    86   152   0.244041   -0.000000  
UNEDF1    86   154   0.241129   0.000000  
UNEDF1    86   156   0.237197   -0.000000  
UNEDF1    86   158   0.225465   -0.000000  
UNEDF1    86   160   0.208227   -0.000000  
UNEDF1    86   162   0.187761   0.000000  
UNEDF1    86   164   0.167492   -0.000000  
UNEDF1    86   166   0.147171   0.000000  
UNEDF1    86   168   0.126233   0.000000  
UNEDF1    86   170   -0.113205   -0.000000  
UNEDF1    86   172   -0.102202   -0.000000  
UNEDF1    86   174   -0.082561   -0.000000  
UNEDF1    86   176   -0.070470   -0.000000  
UNEDF1    86   178   -0.050776   -0.000000  
UNEDF1    86   180   -0.000000   0.000000  
UNEDF1    86   182   0.000323   0.000000  
UNEDF1    86   184   -0.000084   -0.000000  
UNEDF1    86   186   0.000093   0.000000  
UNEDF1    88   110   0.197703   0.000000  
UNEDF1    88   112   0.171743   0.000000  
UNEDF1    88   114   0.149388   0.000000  
UNEDF1    88   116   0.127920   0.000000  
UNEDF1    88   118   0.104292   0.000000  
UNEDF1    88   120   -0.081955   -0.000000  
UNEDF1    88   122   -0.038394   -0.000000  
UNEDF1    88   124   -0.000000   -0.000000  
UNEDF1    88   126   0.000112   0.000000  
UNEDF1    88   128   0.000000   0.000000  
UNEDF1    88   130   0.104745   0.116174  
UNEDF1    88   132   0.132259   0.134238  
UNEDF1    88   134   0.154234   0.160037  
UNEDF1    88   136   0.175670   0.174891  
UNEDF1    88   138   0.193072   0.178437  
UNEDF1    88   140   0.209494   0.168124  
UNEDF1    88   142   0.224589   0.144923  
UNEDF1    88   144   0.238166   0.112792  
UNEDF1    88   146   0.251339   0.089424  
UNEDF1    88   148   0.250359   0.054897  
UNEDF1    88   150   0.248857   0.000000  
UNEDF1    88   152   0.244891   -0.000000  
UNEDF1    88   154   0.240335   -0.000000  
UNEDF1    88   156   0.233648   0.000000  
UNEDF1    88   158   0.222478   -0.000000  
UNEDF1    88   160   0.206745   -0.000000  
UNEDF1    88   162   0.188363   0.000000  
UNEDF1    88   164   0.172083   -0.000000  
UNEDF1    88   166   0.155504   0.000000  
UNEDF1    88   168   0.138202   0.000000  
UNEDF1    88   170   0.119550   0.000000  
UNEDF1    88   172   0.099149   0.000000  
UNEDF1    88   174   -0.087293   -0.000000  
UNEDF1    88   176   -0.072240   -0.000000  
UNEDF1    88   178   -0.044630   -0.000000  
UNEDF1    88   180   -0.000000   0.000000  
UNEDF1    88   182   0.000260   0.000000  
UNEDF1    88   184   0.000085   0.000000  
UNEDF1    88   186   0.000094   0.000000  
UNEDF1    88   188   -0.000000   0.000000  
UNEDF1    88   190   -0.000000   0.000000  
UNEDF1    88   192   0.000001   -0.000000  
UNEDF1    88   194   0.112687   0.072028  
UNEDF1    88   196   0.130538   0.075923  
UNEDF1    88   198   0.139800   0.092704  
UNEDF1    88   200   0.154914   0.090218  
UNEDF1    88   202   0.169184   0.083066  
UNEDF1    88   204   0.181731   0.072943  
UNEDF1    88   206   0.191860   0.063505  
UNEDF1    88   208   0.199785   0.055564  
UNEDF1    90   114   0.167831   0.000000  
UNEDF1    90   116   0.144713   -0.000000  
UNEDF1    90   118   0.113796   -0.000000  
UNEDF1    90   120   -0.103145   -0.000000  
UNEDF1    90   122   -0.068310   -0.000000  
UNEDF1    90   124   -0.000000   0.000000  
UNEDF1    90   126   0.000122   0.000000  
UNEDF1    90   128   0.000000   0.000000  
UNEDF1    90   130   0.118231   0.134954  
UNEDF1    90   132   0.145736   0.153396  
UNEDF1    90   134   0.170812   0.178676  
UNEDF1    90   136   0.192223   0.192102  
UNEDF1    90   138   0.209692   0.196272  
UNEDF1    90   140   0.225687   0.189315  
UNEDF1    90   142   0.239803   0.170901  
UNEDF1    90   144   0.251175   0.145161  
UNEDF1    90   146   0.258666   0.117368  
UNEDF1    90   148   0.262147   0.092120  
UNEDF1    90   150   0.260665   0.067768  
UNEDF1    90   152   0.254305   0.000000  
UNEDF1    90   154   0.247864   0.000000  
UNEDF1    90   156   0.240214   -0.000000  
UNEDF1    90   158   0.228851   -0.000000  
UNEDF1    90   160   0.214876   -0.000000  
UNEDF1    90   162   0.198739   -0.000000  
UNEDF1    90   164   0.181869   0.000000  
UNEDF1    90   166   0.163961   0.000000  
UNEDF1    90   168   0.145765   -0.000000  
UNEDF1    90   170   0.125859   -0.000000  
UNEDF1    90   172   0.104359   -0.000000  
UNEDF1    90   174   0.080885   -0.000000  
UNEDF1    90   176   -0.054112   0.000000  
UNEDF1    90   178   -0.000000   0.000000  
UNEDF1    90   180   0.000512   0.000000  
UNEDF1    90   182   0.000127   0.000000  
UNEDF1    90   184   0.000087   0.000000  
UNEDF1    90   186   0.000085   0.000000  
UNEDF1    90   188   -0.000000   0.000000  
UNEDF1    90   190   0.000000   -0.000000  
UNEDF1    90   192   -0.000000   -0.000000  
UNEDF1    90   194   0.121756   0.115209  
UNEDF1    90   196   0.143566   0.130061  
UNEDF1    90   198   0.159722   0.135285  
UNEDF1    90   200   0.173807   0.132106  
UNEDF1    90   202   0.186705   0.122492  
UNEDF1    90   204   0.198401   0.109122  
UNEDF1    90   206   0.207941   0.098902  
UNEDF1    90   208   0.214793   0.082759  
UNEDF1    90   210   0.219821   0.071988  
UNEDF1    90   212   0.222972   0.063211  
UNEDF1    92   118   0.130522   0.000000  
UNEDF1    92   120   -0.114500   0.000000  
UNEDF1    92   122   -0.074121   -0.000000  
UNEDF1    92   124   -0.000000   -0.000000  
UNEDF1    92   126   0.000131   0.000000  
UNEDF1    92   128   0.000001   0.000000  
UNEDF1    92   130   0.120495   0.148449  
UNEDF1    92   132   0.153468   0.173965  
UNEDF1    92   134   0.181943   0.192442  
UNEDF1    92   136   0.205016   0.203944  
UNEDF1    92   138   0.224148   0.207346  
UNEDF1    92   140   0.240818   0.201233  
UNEDF1    92   142   0.254913   0.184775  
UNEDF1    92   144   0.265164   0.161293  
UNEDF1    92   146   0.270310   0.138687  
UNEDF1    92   148   0.272430   0.111909  
UNEDF1    92   150   0.270638   0.088302  
UNEDF1    92   152   0.264172   0.041276  
UNEDF1    92   154   0.258193   -0.000000  
UNEDF1    92   156   0.250539   0.011076  
UNEDF1    92   158   0.240546   0.011430  
UNEDF1    92   160   0.225439   -0.000000  
UNEDF1    92   162   0.211119   0.000000  
UNEDF1    92   164   0.193019   -0.000000  
UNEDF1    92   166   0.173941   0.000000  
UNEDF1    92   168   0.155124   0.000000  
UNEDF1    92   170   0.134176   0.000000  
UNEDF1    92   172   0.113380   0.000000  
UNEDF1    92   174   -0.076650   0.000000  
UNEDF1    92   176   -0.000000   -0.000000  
UNEDF1    92   178   -0.000000   -0.000000  
UNEDF1    92   180   0.000400   -0.000000  
UNEDF1    92   182   0.000100   -0.000000  
UNEDF1    92   184   -0.000197   0.000000  
UNEDF1    92   186   0.000081   0.000000  
UNEDF1    92   188   -0.000000   0.000000  
UNEDF1    92   190   -0.000000   0.000000  
UNEDF1    92   192   0.099731   0.115734  
UNEDF1    92   194   0.129023   0.137202  
UNEDF1    92   196   0.150418   0.150290  
UNEDF1    92   198   0.167668   0.155853  
UNEDF1    92   200   0.183479   0.153825  
UNEDF1    92   202   0.198302   0.145155  
UNEDF1    92   204   0.211745   0.130539  
UNEDF1    92   206   0.221663   0.114880  
UNEDF1    92   208   0.228391   0.100954  
UNEDF1    92   210   0.232874   0.089054  
UNEDF1    92   212   0.236191   0.078755  
UNEDF1    92   214   0.237076   0.070505  
UNEDF1    92   216   0.237297   0.062534  
UNEDF1    94   122   -0.078878   0.000000  
UNEDF1    94   124   -0.000000   -0.000000  
UNEDF1    94   126   0.000160   0.000000  
UNEDF1    94   128   0.051480   0.098281  
UNEDF1    94   130   0.117905   0.160410  
UNEDF1    94   132   0.157043   0.186530  
UNEDF1    94   134   0.189120   0.203005  
UNEDF1    94   136   0.214766   0.211654  
UNEDF1    94   138   0.235943   0.212939  
UNEDF1    94   140   0.253433   0.205766  
UNEDF1    94   142   0.266303   0.190851  
UNEDF1    94   144   0.275998   0.170483  
UNEDF1    94   146   0.280990   0.148045  
UNEDF1    94   148   0.281675   0.124588  
UNEDF1    94   150   0.278523   0.086977  
UNEDF1    94   152   0.271716   0.000000  
UNEDF1    94   154   0.267416   0.000002  
UNEDF1    94   156   0.261013   0.000000  
UNEDF1    94   158   0.252906   0.000000  
UNEDF1    94   160   0.240560   -0.000000  
UNEDF1    94   162   0.223713   -0.000000  
UNEDF1    94   164   0.204756   -0.000000  
UNEDF1    94   166   0.184048   0.000000  
UNEDF1    94   168   0.166267   0.000000  
UNEDF1    94   170   0.147510   0.015939  
UNEDF1    94   172   -0.120573   0.000000  
UNEDF1    94   174   -0.104881   0.000000  
UNEDF1    94   176   -0.080278   0.000000  
UNEDF1    94   178   -0.025606   -0.000000  
UNEDF1    94   180   -0.000000   0.000000  
UNEDF1    94   182   0.000112   0.000000  
UNEDF1    94   184   0.000081   0.000000  
UNEDF1    94   186   0.000088   0.000000  
UNEDF1    94   188   0.000000   0.000000  
UNEDF1    94   190   0.075750   0.107701  
UNEDF1    94   192   0.101637   0.133682  
UNEDF1    94   194   0.128813   0.151762  
UNEDF1    94   196   0.151353   0.164265  
UNEDF1    94   198   0.170157   0.170047  
UNEDF1    94   200   0.188459   0.168249  
UNEDF1    94   202   0.205704   0.159847  
UNEDF1    94   204   0.221557   0.143479  
UNEDF1    94   206   0.232249   0.125797  
UNEDF1    94   208   0.238275   0.115957  
UNEDF1    94   210   0.242793   0.102603  
UNEDF1    94   212   0.246175   0.087147  
UNEDF1    94   214   0.247946   0.077919  
UNEDF1    94   216   -0.186219   0.042944  
UNEDF1    94   218   -0.194209   0.006216  
UNEDF1    94   220   -0.199861   -0.000132  
UNEDF1    96   128   0.061084   0.120580  
UNEDF1    96   130   0.113904   0.169435  
UNEDF1    96   132   0.153792   0.195860  
UNEDF1    96   134   0.190357   0.211291  
UNEDF1    96   136   0.219655   0.217169  
UNEDF1    96   138   0.242614   0.215955  
UNEDF1    96   140   0.260184   0.207197  
UNEDF1    96   142   0.274750   0.190655  
UNEDF1    96   144   0.284059   0.170863  
UNEDF1    96   146   0.288410   0.150052  
UNEDF1    96   148   0.287109   0.113932  
UNEDF1    96   150   0.280923   0.013379  
UNEDF1    96   152   0.278802   -0.000000  
UNEDF1    96   154   0.275524   -0.000002  
UNEDF1    96   156   0.270615   0.000000  
UNEDF1    96   158   0.263220   -0.000000  
UNEDF1    96   160   0.249978   0.000000  
UNEDF1    96   162   0.232860   -0.000000  
UNEDF1    96   164   0.214669   -0.000000  
UNEDF1    96   166   0.195969   0.000000  
UNEDF1    96   168   0.177618   0.000000  
UNEDF1    96   170   -0.150874   0.000000  
UNEDF1    96   172   -0.136695   0.000000  
UNEDF1    96   174   -0.118778   0.000000  
UNEDF1    96   176   -0.098399   0.000000  
UNEDF1    96   178   -0.073275   -0.000000  
UNEDF1    96   180   -0.000001   0.000000  
UNEDF1    96   182   -0.000452   -0.000000  
UNEDF1    96   184   -0.000097   -0.000000  
UNEDF1    96   186   0.016676   0.057944  
UNEDF1    96   188   0.055804   0.103327  
UNEDF1    96   190   0.077025   0.125214  
UNEDF1    96   192   0.101824   0.147462  
UNEDF1    96   194   0.128130   0.164778  
UNEDF1    96   196   0.150872   0.176527  
UNEDF1    96   198   0.169908   0.182102  
UNEDF1    96   200   0.188926   0.180680  
UNEDF1    96   202   0.206490   0.174061  
UNEDF1    96   204   0.225078   0.157989  
UNEDF1    96   206   0.237800   0.138647  
UNEDF1    96   208   0.245078   0.121275  
UNEDF1    96   210   0.249430   0.106644  
UNEDF1    96   212   0.252211   0.094232  
UNEDF1    96   214   0.253832   0.074935  
UNEDF1    96   216   -0.187884   0.049732  
UNEDF1    96   218   0.233857   0.080053  
UNEDF1    96   220   -0.192591   0.027934  
UNEDF1    96   222   -0.210371   0.004296  
UNEDF1    96   224   -0.203085   0.007709  
UNEDF1    96   226   -0.197293   0.003343  
UNEDF1    98   130   0.112408   0.179987  
UNEDF1    98   132   0.149582   0.204330  
UNEDF1    98   134   0.186784   0.217619  
UNEDF1    98   136   0.219300   0.221746  
UNEDF1    98   138   0.242468   0.219101  
UNEDF1    98   140   0.264958   0.206991  
UNEDF1    98   142   0.281147   0.188128  
UNEDF1    98   144   0.290433   0.168651  
UNEDF1    98   146   0.294086   0.149273  
UNEDF1    98   148   0.288465   0.087060  
UNEDF1    98   150   0.283380   0.000000  
UNEDF1    98   152   0.281535   -0.000000  
UNEDF1    98   154   0.278343   -0.000000  
UNEDF1    98   156   0.273326   -0.000000  
UNEDF1    98   158   0.266819   -0.000000  
UNEDF1    98   160   0.255231   -0.000000  
UNEDF1    98   162   0.241102   -0.000000  
UNEDF1    98   164   0.224993   -0.000000  
UNEDF1    98   166   0.207601   -0.000000  
UNEDF1    98   168   0.189488   -0.000000  
UNEDF1    98   170   -0.159834   0.000000  
UNEDF1    98   172   -0.145474   0.000000  
UNEDF1    98   174   -0.128566   0.000000  
UNEDF1    98   176   -0.108876   -0.000000  
UNEDF1    98   178   -0.086518   -0.000000  
UNEDF1    98   180   -0.055791   0.000000  
UNEDF1    98   182   0.010730   0.046566  
UNEDF1    98   184   0.009914   0.056662  
UNEDF1    98   186   0.030325   0.092236  
UNEDF1    98   188   0.057644   0.119309  
UNEDF1    98   190   0.079513   0.141677  
UNEDF1    98   192   0.103904   0.161334  
UNEDF1    98   194   0.129319   0.177276  
UNEDF1    98   196   0.152144   0.186906  
UNEDF1    98   198   0.170726   0.191477  
UNEDF1    98   200   0.187202   0.191302  
UNEDF1    98   202   0.201004   0.187312  
UNEDF1    98   204   0.226490   0.161634  
UNEDF1    98   206   0.240500   0.136863  
UNEDF1    98   208   0.246638   0.140838  
UNEDF1    98   210   0.252405   0.123562  
UNEDF1    98   212   0.254408   0.107436  
UNEDF1    98   214   0.254813   0.064260  
UNEDF1    98   216   0.253309   0.035452  
UNEDF1    98   218   -0.188897   0.059615  
UNEDF1    98   220   -0.191370   0.050580  
UNEDF1    98   222   -0.190045   0.046722  
UNEDF1    98   224   -0.188945   0.040111  
UNEDF1    98   226   -0.187268   0.012648  
UNEDF1    98   228   -0.178228   0.000019  
UNEDF1    98   230   -0.173456   0.000019  
UNEDF1   100   132   0.143057   0.210505  
UNEDF1   100   134   0.183397   0.222267  
UNEDF1   100   136   0.214263   0.225780  
UNEDF1   100   138   0.242760   0.221595  
UNEDF1   100   140   0.267799   0.206718  
UNEDF1   100   142   0.286323   0.185421  
UNEDF1   100   144   0.295824   0.165707  
UNEDF1   100   146   0.298430   0.146837  
UNEDF1   100   148   0.296972   0.125997  
UNEDF1   100   150   0.284754   0.000001  
UNEDF1   100   152   0.282887   0.000000  
UNEDF1   100   154   0.279725   -0.000001  
UNEDF1   100   156   0.274767   -0.000000  
UNEDF1   100   158   0.267787   -0.000000  
UNEDF1   100   160   0.258198   -0.000000  
UNEDF1   100   162   0.247053   -0.000000  
UNEDF1   100   164   0.234049   -0.000000  
UNEDF1   100   166   0.218776   -0.000000  
UNEDF1   100   168   0.200691   -0.000000  
UNEDF1   100   170   -0.165618   0.000000  
UNEDF1   100   172   -0.154048   0.000000  
UNEDF1   100   174   -0.136053   0.000000  
UNEDF1   100   176   -0.117591   -0.000000  
UNEDF1   100   178   -0.094650   -0.000000  
UNEDF1   100   180   -0.063292   -0.000000  
UNEDF1   100   182   0.016842   0.066045  
UNEDF1   100   184   0.014436   0.078803  
UNEDF1   100   186   0.028535   0.104208  
UNEDF1   100   188   0.058239   0.133008  
UNEDF1   100   190   0.083256   0.155112  
UNEDF1   100   192   0.105639   0.173550  
UNEDF1   100   194   0.130855   0.186946  
UNEDF1   100   196   0.153113   0.194730  
UNEDF1   100   198   0.171049   0.198038  
UNEDF1   100   200   0.184212   0.198138  
UNEDF1   100   202   0.201381   0.192418  
UNEDF1   100   204   0.219380   0.179728  
UNEDF1   100   206   0.236086   0.160035  
UNEDF1   100   208   0.244809   0.009066  
UNEDF1   100   210   0.248149   0.018211  
UNEDF1   100   212   0.252072   0.049402  
UNEDF1   100   214   0.255094   0.063974  
UNEDF1   100   216   0.256948   0.078051  
UNEDF1   100   218   -0.188319   0.077601  
UNEDF1   100   220   0.253599   0.060379  
UNEDF1   100   222   0.250238   0.052385  
UNEDF1   100   224   0.243944   0.000002  
UNEDF1   100   226   0.239846   0.000729  
UNEDF1   100   228   -0.181774   0.000022  
UNEDF1   100   230   -0.177773   0.000031  
UNEDF1   100   232   -0.172932   0.000020  
UNEDF1   100   234   -0.167083   0.000026  
UNEDF1   102   134   0.181285   0.224136  
UNEDF1   102   136   0.213622   0.228165  
UNEDF1   102   138   0.243178   0.222862  
UNEDF1   102   140   0.268910   0.206072  
UNEDF1   102   142   0.288576   0.182881  
UNEDF1   102   144   0.298214   0.161903  
UNEDF1   102   146   0.299750   0.141507  
UNEDF1   102   148   0.292205   0.088192  
UNEDF1   102   150   0.284502   0.000001  
UNEDF1   102   152   0.282547   0.000001  
UNEDF1   102   154   0.279373   0.000001  
UNEDF1   102   156   0.274450   0.000000  
UNEDF1   102   158   0.267807   0.000000  
UNEDF1   102   160   0.259928   0.000000  
UNEDF1   102   162   0.250852   0.000000  
UNEDF1   102   164   0.240942   0.000000  
UNEDF1   102   166   0.229785   0.000000  
UNEDF1   102   168   0.211484   0.000000  
UNEDF1   102   170   -0.169896   -0.000000  
UNEDF1   102   172   -0.159215   -0.000000  
UNEDF1   102   174   -0.141264   -0.000000  
UNEDF1   102   176   -0.122129   0.000000  
UNEDF1   102   178   -0.099765   0.000000  
UNEDF1   102   180   -0.068210   0.000000  
UNEDF1   102   182   0.012793   0.068408  
UNEDF1   102   184   0.011559   0.084257  
UNEDF1   102   186   0.022923   0.108174  
UNEDF1   102   188   0.059893   0.143556  
UNEDF1   102   190   0.082247   0.164455  
UNEDF1   102   192   0.103507   0.181752  
UNEDF1   102   194   0.128114   0.193445  
UNEDF1   102   196   0.151416   0.199680  
UNEDF1   102   198   0.174221   0.197601  
UNEDF1   102   200   0.186097   0.199848  
UNEDF1   102   202   0.204278   0.191007  
UNEDF1   102   204   0.221650   0.174927  
UNEDF1   102   206   0.236365   0.152963  
UNEDF1   102   208   0.245026   0.008873  
UNEDF1   102   210   0.248304   0.000001  
UNEDF1   102   212   0.250591   -0.000006  
UNEDF1   102   214   0.252407   0.021370  
UNEDF1   102   216   0.253084   0.025701  
UNEDF1   102   218   0.251756   0.000020  
UNEDF1   102   220   -0.191113   0.082303  
UNEDF1   102   222   0.248132   0.005823  
UNEDF1   102   224   -0.189614   0.068553  
UNEDF1   102   226   -0.187861   0.059644  
UNEDF1   102   228   -0.183557   0.054511  
UNEDF1   102   230   -0.182299   0.037748  
UNEDF1   102   232   -0.176632   -0.001818  
UNEDF1   102   234   0.221350   0.012877  
UNEDF1   102   236   -0.165110   -0.001527  
UNEDF1   102   238   -0.157804   -0.001139  
UNEDF1   102   240   -0.151951   0.007278  
UNEDF1   102   242   -0.142338   0.005519  
UNEDF1   102   244   -0.130793   0.004613  
UNEDF1   102   246   -0.111452   -0.000634  
UNEDF1   102   248   -0.097811   0.006695  
UNEDF1   102   250   -0.065079   -0.001371  
UNEDF1   102   252   -0.028283   -0.001758  
UNEDF1   102   254   -0.000863   -0.017915  
UNEDF1   102   256   0.000553   -0.024208  
UNEDF1   102   258   0.000313   -0.022173  
UNEDF1   104   140   0.268320   0.204535  
UNEDF1   104   142   0.287236   0.180356  
UNEDF1   104   144   0.296520   0.157427  
UNEDF1   104   146   0.297464   0.133796  
UNEDF1   104   148   0.285070   0.000001  
UNEDF1   104   150   0.283274   0.000001  
UNEDF1   104   152   0.280992   0.000001  
UNEDF1   104   154   0.277680   0.000001  
UNEDF1   104   156   0.272795   0.000000  
UNEDF1   104   158   0.266478   -0.000000  
UNEDF1   104   160   0.259369   0.000000  
UNEDF1   104   162   0.251860   0.000000  
UNEDF1   104   164   0.243312   0.000000  
UNEDF1   104   166   0.232529   0.000000  
UNEDF1   104   168   0.218637   0.000000  
UNEDF1   104   170   0.196807   0.000000  
UNEDF1   104   172   -0.162914   -0.000000  
UNEDF1   104   174   -0.144057   -0.000000  
UNEDF1   104   176   -0.124036   0.000000  
UNEDF1   104   178   -0.102247   0.000000  
UNEDF1   104   180   -0.070703   0.000000  
UNEDF1   104   182   0.001306   0.060705  
UNEDF1   104   184   0.005366   0.080745  
UNEDF1   104   186   0.017757   0.109334  
UNEDF1   104   188   0.054526   0.146825  
UNEDF1   104   190   0.076179   0.169730  
UNEDF1   104   192   0.095742   0.185982  
UNEDF1   104   194   0.117565   0.196926  
UNEDF1   104   196   0.151230   0.198847  
UNEDF1   104   198   0.180604   0.187949  
UNEDF1   104   200   0.188575   0.198218  
UNEDF1   104   202   0.209517   0.183678  
UNEDF1   104   204   0.225862   0.162016  
UNEDF1   104   206   0.237460   0.136361  
UNEDF1   104   208   0.245046   0.074252  
UNEDF1   104   210   0.248787   0.054433  
UNEDF1   104   212   0.249950   0.000000  
UNEDF1   104   214   0.251272   0.013346  
UNEDF1   104   216   -0.182021   0.106257  
UNEDF1   104   218   0.251604   0.031307  
UNEDF1   104   220   0.249744   0.024256  
UNEDF1   104   222   0.247329   0.020887  
UNEDF1   104   224   0.244499   0.018175  
UNEDF1   104   226   0.241114   0.011240  
UNEDF1   104   228   -0.182639   0.069496  
UNEDF1   104   230   -0.180220   0.060155  
UNEDF1   104   232   -0.178960   0.044545  
UNEDF1   104   234   0.208633   0.017990  
UNEDF1   104   236   0.210334   0.009019  
UNEDF1   104   238   0.187614   0.006929  
UNEDF1   104   240   -0.151175   -0.001196  
UNEDF1   104   242   -0.144715   0.010421  
UNEDF1   104   244   -0.128753   -0.000892  
UNEDF1   104   246   -0.113904   -0.000894  
UNEDF1   104   248   -0.095223   -0.001220  
UNEDF1   104   250   -0.070020   -0.001602  
UNEDF1   104   252   -0.033035   -0.002634  
UNEDF1   104   254   -0.001757   -0.017394  
UNEDF1   104   256   -0.000000   0.000000  
UNEDF1   104   258   0.001265   0.049368  
UNEDF1   106   146   0.288619   0.074826  
UNEDF1   106   148   0.284096   0.000001  
UNEDF1   106   150   0.281613   0.000001  
UNEDF1   106   152   0.278584   -0.000001  
UNEDF1   106   154   0.274800   0.000000  
UNEDF1   106   156   0.269751   0.000000  
UNEDF1   106   158   0.263614   0.000000  
UNEDF1   106   160   0.256874   0.000000  
UNEDF1   106   162   0.249753   -0.000000  
UNEDF1   106   164   0.242973   0.000000  
UNEDF1   106   166   0.231642   0.000000  
UNEDF1   106   168   0.221188   0.000000  
UNEDF1   106   170   0.203490   -0.000000  
UNEDF1   106   172   -0.164049   -0.000000  
UNEDF1   106   174   -0.143912   -0.000000  
UNEDF1   106   176   -0.123620   0.000000  
UNEDF1   106   178   -0.102549   0.000000  
UNEDF1   106   180   -0.071199   0.000000  
UNEDF1   106   182   -0.000233   0.058439  
UNEDF1   106   184   0.001848   0.076115  
UNEDF1   106   186   0.012499   0.106525  
UNEDF1   106   188   0.047368   0.146186  
UNEDF1   106   190   0.068869   0.171580  
UNEDF1   106   192   0.083942   0.186940  
UNEDF1   106   194   0.107902   0.197055  
UNEDF1   106   196   0.151872   0.192430  
UNEDF1   106   198   0.186728   0.172291  
UNEDF1   106   200   0.208766   0.145646  
UNEDF1   106   202   0.213282   0.173585  
UNEDF1   106   204   0.228449   0.146818  
UNEDF1   106   206   0.237468   0.119273  
UNEDF1   106   208   0.242221   0.095986  
UNEDF1   106   210   0.245117   0.077624  
UNEDF1   106   212   0.247659   0.062943  
UNEDF1   106   214   0.248737   0.030418  
UNEDF1   106   216   0.247893   0.012660  
UNEDF1   106   218   0.247428   0.024160  
UNEDF1   106   220   0.245403   0.020193  
UNEDF1   106   222   0.242729   0.016978  
UNEDF1   106   224   0.239606   0.014417  
UNEDF1   106   226   0.235963   0.012944  
UNEDF1   106   228   -0.180119   0.080052  
UNEDF1   106   230   -0.179079   0.070437  
UNEDF1   106   232   -0.176764   0.060178  
UNEDF1   106   234   0.209243   0.001617  
UNEDF1   106   236   0.148992   -0.007153  
UNEDF1   106   238   0.184258   0.004834  
UNEDF1   106   240   0.163367   0.001022  
UNEDF1   106   242   -0.145882   0.013557  
UNEDF1   106   244   -0.127946   -0.001319  
UNEDF1   106   246   -0.113128   -0.001411  
UNEDF1   106   248   -0.095128   -0.001496  
UNEDF1   106   250   -0.070494   -0.001598  
UNEDF1   106   252   -0.034785   -0.001870  
UNEDF1   106   254   -0.002607   -0.014123  
UNEDF1   106   256   -0.000851   -0.014666  
UNEDF1   106   258   -0.000548   -0.011800  
UNEDF1   108   150   0.280019   -0.000000  
UNEDF1   108   152   0.276042   0.000000  
UNEDF1   108   154   0.271054   0.000000  
UNEDF1   108   156   0.265113   0.000000  
UNEDF1   108   158   0.258615   0.000000  
UNEDF1   108   160   0.251902   0.000000  
UNEDF1   108   162   0.245261   0.000000  
UNEDF1   108   164   0.237872   0.000000  
UNEDF1   108   166   0.226402   0.000000  
UNEDF1   108   168   0.216538   -0.000000  
UNEDF1   108   170   0.201902   -0.000000  
UNEDF1   108   172   0.158962   0.000000  
UNEDF1   108   174   -0.142343   -0.000000  
UNEDF1   108   176   -0.121854   -0.000000  
UNEDF1   108   178   -0.101310   0.000000  
UNEDF1   108   180   -0.070129   0.008162  
UNEDF1   108   182   -0.000333   0.018830  
UNEDF1   108   184   -0.003915   0.063819  
UNEDF1   108   186   0.009204   0.100500  
UNEDF1   108   188   0.039912   0.143009  
UNEDF1   108   190   0.062253   0.170465  
UNEDF1   108   192   0.075032   0.186532  
UNEDF1   108   194   0.079738   0.196528  
UNEDF1   108   196   0.150489   0.182151  
UNEDF1   108   198   0.187435   0.156964  
UNEDF1   108   200   0.185559   0.189256  
UNEDF1   108   202   0.213246   0.160747  
UNEDF1   108   204   0.228628   0.128650  
UNEDF1   108   206   0.237141   0.100218  
UNEDF1   108   208   0.240164   0.000002  
UNEDF1   108   210   0.240824   -0.000058  
UNEDF1   108   212   0.242689   0.000004  
UNEDF1   108   214   0.242430   0.000016  
UNEDF1   108   216   0.242869   0.009618  
UNEDF1   108   218   0.241370   0.011347  
UNEDF1   108   220   0.239111   0.016000  
UNEDF1   108   222   0.235799   0.013250  
UNEDF1   108   224   -0.179847   0.099981  
UNEDF1   108   226   -0.179546   0.093306  
UNEDF1   108   228   -0.181544   0.082748  
UNEDF1   108   230   0.217779   0.001373  
UNEDF1   108   232   -0.175740   0.067309  
UNEDF1   108   234   -0.172020   0.055218  
UNEDF1   108   236   -0.163102   -0.011937  
UNEDF1   108   238   -0.159567   0.038648  
UNEDF1   108   240   0.162653   0.003538  
UNEDF1   108   242   0.144114   -0.000015  
UNEDF1   108   244   -0.129488   0.020022  
UNEDF1   108   246   -0.116022   0.016087  
UNEDF1   108   248   -0.097828   0.016876  
UNEDF1   108   250   -0.088436   0.014229  
UNEDF1   108   252   -0.032191   -0.001077  
UNEDF1   108   254   -0.002685   -0.010926  
UNEDF1   108   256   -0.001394   -0.000000  
UNEDF1   108   258   -0.000505   -0.016362  
UNEDF1   110   154   0.267126   0.000000  
UNEDF1   110   156   0.259097   0.000000  
UNEDF1   110   158   0.251364   0.000000  
UNEDF1   110   160   0.244690   0.000000  
UNEDF1   110   162   0.237842   0.000000  
UNEDF1   110   164   0.228406   0.000000  
UNEDF1   110   166   0.218960   -0.000000  
UNEDF1   110   168   0.207351   -0.000000  
UNEDF1   110   170   0.185154   -0.000000  
UNEDF1   110   172   0.155403   0.000000  
UNEDF1   110   174   0.132885   0.000000  
UNEDF1   110   176   -0.119223   -0.000000  
UNEDF1   110   178   -0.098982   -0.000000  
UNEDF1   110   180   -0.067786   -0.000000  
UNEDF1   110   182   -0.000000   0.000000  
UNEDF1   110   184   -0.000000   0.000000  
UNEDF1   110   186   0.005820   0.087912  
UNEDF1   110   188   0.033407   0.137314  
UNEDF1   110   190   0.054700   0.168541  
UNEDF1   110   192   0.067502   0.184356  
UNEDF1   110   194   0.068422   0.195393  
UNEDF1   110   196   0.079422   0.202622  
UNEDF1   110   198   0.180251   0.146682  
UNEDF1   110   200   0.180929   0.177120  
UNEDF1   110   202   0.246345   0.049116  
UNEDF1   110   204   0.245743   0.000001  
UNEDF1   110   206   0.245514   0.000001  
UNEDF1   110   208   0.245292   0.000004  
UNEDF1   110   210   0.244746   0.000004  
UNEDF1   110   212   0.243764   0.000001  
UNEDF1   110   214   0.242047   0.000012  
UNEDF1   110   216   0.240636   0.010944  
UNEDF1   110   218   0.238132   0.000704  
UNEDF1   110   220   0.234620   0.004884  
UNEDF1   110   222   0.229850   0.001630  
UNEDF1   110   224   0.225270   0.006978  
UNEDF1   110   226   0.220146   0.005285  
UNEDF1   110   228   -0.178888   0.088420  
UNEDF1   110   230   0.208476   0.001092  
UNEDF1   110   232   0.201393   0.003897  
UNEDF1   110   234   0.194110   0.001658  
UNEDF1   110   236   -0.163346   0.049696  
UNEDF1   110   238   0.166689   -0.000034  
UNEDF1   110   240   0.161073   0.000462  
UNEDF1   110   242   0.145839   0.000872  
UNEDF1   110   244   -0.127259   0.003616  
UNEDF1   110   246   -0.114130   0.001272  
UNEDF1   110   248   -0.086817   -0.000709  
UNEDF1   110   250   -0.061382   -0.000772  
UNEDF1   110   252   -0.026549   -0.000973  
UNEDF1   110   254   -0.005322   -0.000000  
UNEDF1   110   256   -0.001106   0.000000  
UNEDF1   110   258   -0.000435   -0.000000  
UNEDF1   112   158   0.240256   -0.000000  
UNEDF1   112   160   0.235276   -0.000000  
UNEDF1   112   162   0.227515   -0.000000  
UNEDF1   112   164   0.219085   0.000000  
UNEDF1   112   166   0.208913   0.000000  
UNEDF1   112   168   0.196524   0.000000  
UNEDF1   112   170   0.175037   0.000000  
UNEDF1   112   172   0.153619   -0.000000  
UNEDF1   112   174   0.133605   0.000000  
UNEDF1   112   176   -0.115718   0.000000  
UNEDF1   112   178   -0.095951   0.000000  
UNEDF1   112   180   -0.062875   0.000000  
UNEDF1   112   182   -0.000000   0.000000  
UNEDF1   112   184   -0.000000   0.000000  
UNEDF1   112   186   0.000000   -0.000000  
UNEDF1   112   188   0.029961   0.127381  
UNEDF1   112   190   0.048788   0.163709  
UNEDF1   112   192   0.056284   0.182166  
UNEDF1   112   194   0.061617   0.192718  
UNEDF1   112   196   0.071348   0.197433  
UNEDF1   112   198   -0.040095   0.176349  
UNEDF1   112   200   0.254836   0.046358  
UNEDF1   112   202   0.259408   0.006083  
UNEDF1   112   204   0.254869   -0.000000  
UNEDF1   112   206   0.252157   -0.000000  
UNEDF1   112   208   0.250675   -0.000000  
UNEDF1   112   210   0.249571   -0.000000  
UNEDF1   112   212   0.247406   -0.000001  
UNEDF1   112   214   0.245223   0.003809  
UNEDF1   112   216   0.241302   0.003035  
UNEDF1   112   218   0.238190   0.001207  
UNEDF1   112   220   0.233320   0.002373  
UNEDF1   112   222   0.227584   0.002090  
UNEDF1   112   224   -0.176594   0.009048  
UNEDF1   112   226   0.197280   -0.000009  
UNEDF1   112   228   0.207657   0.001099  
UNEDF1   112   230   0.201067   -0.000016  
UNEDF1   112   232   0.192903   0.000056  
UNEDF1   112   234   -0.159962   0.000326  
UNEDF1   112   236   -0.153133   0.000232  
UNEDF1   112   238   0.167126   0.000805  
UNEDF1   112   240   -0.135170   0.000139  
UNEDF1   112   242   -0.124756   0.000095  
UNEDF1   112   244   -0.112242   0.000096  
UNEDF1   112   246   -0.097855   0.000081  
UNEDF1   112   248   -0.076935   0.000089  
UNEDF1   112   250   -0.048298   0.000158  
UNEDF1   112   252   -0.021569   0.000151  
UNEDF1   112   254   -0.003523   0.000078  
UNEDF1   112   256   -0.000706   0.000090  
UNEDF1   112   258   -0.000290   0.000153  
UNEDF1   114   160   0.225127   0.000000  
UNEDF1   114   162   0.220034   0.000000  
UNEDF1   114   164   0.210645   0.000000  
UNEDF1   114   166   0.199853   -0.000000  
UNEDF1   114   168   0.187567   0.000000  
UNEDF1   114   170   0.170888   -0.000000  
UNEDF1   114   172   0.151385   -0.000000  
UNEDF1   114   174   0.131194   0.000000  
UNEDF1   114   176   -0.111860   0.000000  
UNEDF1   114   178   -0.091443   -0.000000  
UNEDF1   114   180   -0.061354   0.000000  
UNEDF1   114   182   -0.000000   -0.000000  
UNEDF1   114   184   -0.000000   -0.000000  
UNEDF1   114   186   0.000000   0.000000  
UNEDF1   114   188   0.034636   0.115510  
UNEDF1   114   190   0.045419   0.155481  
UNEDF1   114   192   0.052749   0.176725  
UNEDF1   114   194   0.058163   0.187326  
UNEDF1   114   196   -0.003975   0.186650  
UNEDF1   114   198   -0.027809   0.186254  
UNEDF1   114   200   -0.047813   0.183079  
UNEDF1   114   202   0.265736   0.011608  
UNEDF1   114   204   0.262234   0.005161  
UNEDF1   114   206   0.258327   -0.000000  
UNEDF1   114   208   0.254256   -0.000000  
UNEDF1   114   210   0.251945   -0.000000  
UNEDF1   114   212   0.249415   -0.000000  
UNEDF1   114   214   0.246603   0.005760  
UNEDF1   114   216   0.243659   0.002634  
UNEDF1   114   218   0.238874   0.002286  
UNEDF1   114   220   0.234302   0.001567  
UNEDF1   114   222   0.227762   0.002236  
UNEDF1   114   224   -0.168383   0.001941  
UNEDF1   114   226   0.211232   0.001127  
UNEDF1   114   228   0.204393   0.001434  
UNEDF1   114   230   0.196245   -0.000006  
UNEDF1   114   232   0.186074   0.000070  
UNEDF1   114   234   0.181494   0.004709  
UNEDF1   114   236   -0.144029   0.000043  
UNEDF1   114   238   -0.135717   0.000061  
UNEDF1   114   240   0.147093   0.000913  
UNEDF1   114   242   -0.116383   0.000036  
UNEDF1   114   244   -0.103720   0.000039  
UNEDF1   114   246   -0.090189   0.000033  
UNEDF1   114   248   -0.068218   0.000041  
UNEDF1   114   250   -0.041765   0.000035  
UNEDF1   114   252   -0.019005   0.000141  
UNEDF1   114   254   -0.002595   0.000045  
UNEDF1   114   256   -0.000560   0.000055  
UNEDF1   114   258   -0.000243   0.000110  
UNEDF1   114   260   -0.000306   0.000219  
UNEDF1   116   164   0.206253   0.000000  
UNEDF1   116   166   0.194105   0.000000  
UNEDF1   116   168   0.180374   0.000000  
UNEDF1   116   170   0.162969   -0.000000  
UNEDF1   116   172   0.143972   -0.000000  
UNEDF1   116   174   -0.121827   -0.000000  
UNEDF1   116   176   -0.108247   0.000000  
UNEDF1   116   178   -0.088477   0.000000  
UNEDF1   116   180   -0.058928   -0.000000  
UNEDF1   116   182   -0.000000   0.000000  
UNEDF1   116   184   0.000214   -0.000000  
UNEDF1   116   186   0.000000   -0.000000  
UNEDF1   116   188   0.036165   0.113016  
UNEDF1   116   190   0.044170   0.145972  
UNEDF1   116   192   0.051140   0.168449  
UNEDF1   116   194   0.039562   0.183052  
UNEDF1   116   196   0.006366   0.189428  
UNEDF1   116   198   -0.015032   0.193096  
UNEDF1   116   200   -0.034992   0.191511  
UNEDF1   116   202   -0.053353   0.186165  
UNEDF1   116   204   0.263859   0.005319  
UNEDF1   116   206   0.259580   0.004584  
UNEDF1   116   208   0.253401   -0.000000  
UNEDF1   116   210   0.250433   -0.000000  
UNEDF1   116   212   0.248689   0.000000  
UNEDF1   116   214   0.245944   0.001709  
UNEDF1   116   216   0.243353   0.000046  
UNEDF1   116   218   0.239756   0.000062  
UNEDF1   116   220   0.234940   0.000008  
UNEDF1   116   222   0.226798   -0.000026  
UNEDF1   116   224   0.216299   0.001102  
UNEDF1   116   226   0.212903   0.000004  
UNEDF1   116   228   0.204411   0.000492  
UNEDF1   116   230   0.196725   0.000866  
UNEDF1   116   232   0.179790   0.000046  
UNEDF1   116   234   0.180414   0.000788  
UNEDF1   116   236   -0.136116   0.000026  
UNEDF1   116   238   -0.127454   0.000004  
UNEDF1   116   240   -0.119744   0.000012  
UNEDF1   116   242   -0.108417   0.000017  
UNEDF1   116   244   -0.097304   0.000016  
UNEDF1   116   246   -0.081368   0.000014  
UNEDF1   116   248   -0.060462   0.000002  
UNEDF1   116   250   -0.034715   0.000018  
UNEDF1   116   252   -0.016481   0.000007  
UNEDF1   116   254   -0.002107   0.000028  
UNEDF1   116   256   -0.000466   0.000034  
UNEDF1   116   258   -0.000193   0.000071  
UNEDF1   116   260   -0.000225   0.000127  
UNEDF1   118   168   0.174780   0.000000  
UNEDF1   118   170   -0.144184   0.000000  
UNEDF1   118   172   -0.133721   -0.000000  
UNEDF1   118   174   -0.118520   -0.000000  
UNEDF1   118   176   -0.105277   0.000000  
UNEDF1   118   178   -0.087390   -0.000000  
UNEDF1   118   180   -0.056837   -0.000000  
UNEDF1   118   182   0.000444   -0.000000  
UNEDF1   118   184   0.000161   -0.000000  
UNEDF1   118   186   0.000000   -0.000000  
UNEDF1   118   188   0.034459   0.114819  
UNEDF1   118   190   0.046375   0.143629  
UNEDF1   118   192   0.054270   0.163937  
UNEDF1   118   194   0.055581   0.174303  
UNEDF1   118   196   0.034606   0.187006  
UNEDF1   118   198   -0.001417   0.193895  
UNEDF1   118   200   -0.021324   0.195459  
UNEDF1   118   202   -0.040630   0.190971  
UNEDF1   118   204   -0.059682   0.181948  
UNEDF1   118   206   0.254265   0.005139  
UNEDF1   118   208   0.247274   -0.000000  
UNEDF1   118   210   0.244887   -0.000000  
UNEDF1   118   212   0.243840   0.000000  
UNEDF1   118   214   0.243627   -0.000000  
UNEDF1   118   216   0.241970   0.001892  
UNEDF1   118   218   0.239059   0.001624  
UNEDF1   118   220   0.234849   0.000000  
UNEDF1   118   222   0.229093   0.001441  
UNEDF1   118   224   0.221876   0.000262  
UNEDF1   118   226   -0.180086   0.068853  
UNEDF1   118   228   0.207417   0.000045  
UNEDF1   118   230   -0.166009   0.007244  
UNEDF1   118   232   -0.135318   0.000032  
UNEDF1   118   234   -0.136708   0.000020  
UNEDF1   118   236   -0.132017   0.000010  
UNEDF1   118   238   -0.124069   0.000008  
UNEDF1   118   240   -0.116133   0.000006  
UNEDF1   118   242   -0.105576   0.000005  
UNEDF1   118   244   -0.093011   0.000008  
UNEDF1   118   246   -0.075841   0.000009  
UNEDF1   118   248   -0.055226   -0.000000  
UNEDF1   118   250   -0.030997   0.000013  
UNEDF1   118   252   -0.016080   -0.000002  
UNEDF1   118   254   -0.001853   0.000030  
UNEDF1   118   256   -0.000403   0.000041  
UNEDF1   118   258   -0.000173   0.000037  
UNEDF1   118   260   -0.000201   0.000077  
UNEDF1   118   262   -0.000493   0.000220  
UNEDF1   118   264   -0.001643   0.000395  
UNEDF1   118   266   -0.004238   0.000531  
UNEDF1   118   268   -0.014301   0.000309  
UNEDF1   118   270   -0.022573   0.000593  
UNEDF1   118   272   -0.035713   0.001258  
UNEDF1   118   274   -0.055977   0.001880  
UNEDF1   118   276   -0.073162   0.001401  
UNEDF1   118   278   -0.092735   0.001596  
UNEDF1   118   280   -0.109667   0.000052  
UNEDF1   118   282   -0.126957   0.003299  
UNEDF1   120   172   -0.140177   -0.000000  
UNEDF1   120   174   -0.122255   -0.000000  
UNEDF1   120   176   -0.100588   -0.000000  
UNEDF1   120   178   -0.081002   -0.000000  
UNEDF1   120   180   -0.051911   -0.000000  
UNEDF1   120   182   0.000266   -0.000000  
UNEDF1   120   184   0.000118   -0.000000  
UNEDF1   120   186   0.000000   -0.000000  
UNEDF1   120   188   0.031546   0.117179  
UNEDF1   120   190   0.047181   0.148065  
UNEDF1   120   192   0.052864   0.168110  
UNEDF1   120   194   0.058359   0.178145  
UNEDF1   120   196   0.041875   0.182459  
UNEDF1   120   198   0.028636   0.189656  
UNEDF1   120   200   -0.005199   0.195537  
UNEDF1   120   202   -0.024509   0.193705  
UNEDF1   120   204   -0.043827   0.185372  
UNEDF1   120   206   0.236970   0.006318  
UNEDF1   120   208   0.237386   0.000000  
UNEDF1   120   210   0.237288   -0.000000  
UNEDF1   120   212   0.237665   -0.000000  
UNEDF1   120   214   0.239674   -0.000000  
UNEDF1   120   216   0.239584   0.001773  
UNEDF1   120   218   0.236637   0.000102  
UNEDF1   120   220   0.232823   0.000288  
UNEDF1   120   222   0.228440   0.000000  
UNEDF1   120   224   0.219325   -0.000097  
UNEDF1   120   226   0.215994   0.005503  
UNEDF1   120   228   0.209408   0.005024  
UNEDF1   120   230   -0.137260   0.000039  
UNEDF1   120   232   -0.135570   0.000023  
UNEDF1   120   234   -0.138014   0.000014  
UNEDF1   120   236   -0.133264   0.000014  
UNEDF1   120   238   -0.126130   0.000004  
UNEDF1   120   240   -0.123950   0.000287  
UNEDF1   120   242   -0.107839   -0.000000  
UNEDF1   120   244   -0.092729   0.000005  
UNEDF1   120   246   -0.073280   0.000001  
UNEDF1   120   248   -0.051931   0.000024  
UNEDF1   120   250   -0.022878   0.000027  
UNEDF1   120   252   -0.011143   0.000100  
UNEDF1   120   254   -0.001519   0.000060  
UNEDF1   120   256   -0.000360   0.000060  
UNEDF1   120   258   -0.000151   0.000120  
UNEDF1   120   260   -0.000159   0.000119  
UNEDF1   120   262   -0.000384   0.000338  
UNEDF1   120   264   -0.001140   0.000640  
UNEDF1   120   266   -0.003103   0.000725  
UNEDF1   120   268   -0.006851   0.001212  
UNEDF1   120   270   -0.017078   0.000968  
UNEDF1   120   272   -0.029840   0.001371  
UNEDF1   120   274   -0.049477   0.002091  
UNEDF1   120   276   -0.071141   0.001615  
UNEDF1   120   278   -0.094513   0.001642  
UNEDF1   120   280   -0.110634   0.001628  
UNEDF1   120   282   -0.123945   0.001349  
UNEDF1   120   284   -0.136947   0.001447  
UNEDF1   120   286   -0.145025   0.001364  
UNEDF1   120   288   -0.154080   0.001808  
