EDF       Z     N      beta_2     beta_3  
UNEDF2     2     2   0.000171   0.000005  
UNEDF2     2     4   0.000082   0.000006  
UNEDF2     2     6   0.000007   0.000000  
UNEDF2     4     2   0.000001   -0.000000  
UNEDF2     4     4   0.000378   0.000000  
UNEDF2     4     6   0.000259   0.000002  
UNEDF2     4     8   0.012678   0.006378  
UNEDF2     6     4   0.000239   0.000007  
UNEDF2     6     6   -0.000000   -0.000000  
UNEDF2     6     8   0.004296   0.000512  
UNEDF2     6    10   0.005905   0.000184  
UNEDF2     6    12   0.000397   0.000000  
UNEDF2     6    14   0.000007   -0.000000  
UNEDF2     6    16   0.000012   0.000000  
UNEDF2     8     4   -0.000230   0.000000  
UNEDF2     8     6   0.071373   0.128753  
UNEDF2     8     8   -0.000001   -0.000000  
UNEDF2     8    10   -0.000334   0.000000  
UNEDF2     8    12   0.012330   0.005250  
UNEDF2     8    14   0.000000   -0.000000  
UNEDF2     8    16   0.000001   -0.000000  
UNEDF2     8    18   0.002378   0.000489  
UNEDF2    10     8   -0.000264   -0.000000  
UNEDF2    10    10   0.042395   -0.000000  
UNEDF2    10    12   0.079119   0.000000  
UNEDF2    10    14   -0.005248   -0.000000  
UNEDF2    10    16   0.003065   0.001613  
UNEDF2    10    18   0.000956   0.000029  
UNEDF2    10    20   0.001918   0.000031  
UNEDF2    10    22   0.063330   -0.000000  
UNEDF2    10    24   0.133661   0.000000  
UNEDF2    12     8   0.007031   0.007277  
UNEDF2    12    10   0.089020   -0.000000  
UNEDF2    12    12   0.144847   0.000000  
UNEDF2    12    14   -0.081554   -0.000000  
UNEDF2    12    16   -0.000000   0.000000  
UNEDF2    12    18   -0.000570   0.000039  
UNEDF2    12    20   0.000000   -0.000000  
UNEDF2    12    22   0.135647   -0.000011  
UNEDF2    12    24   0.213559   -0.000007  
UNEDF2    12    26   0.209842   0.000000  
UNEDF2    12    28   0.157322   0.000000  
UNEDF2    12    30   -0.076168   0.000000  
UNEDF2    12    32   0.000052   -0.000000  
UNEDF2    14     8   0.000001   0.000000  
UNEDF2    14    10   0.043129   -0.000000  
UNEDF2    14    12   -0.102505   -0.000000  
UNEDF2    14    14   -0.000000   -0.000000  
UNEDF2    14    16   0.001685   0.000000  
UNEDF2    14    18   -0.000779   0.000000  
UNEDF2    14    20   0.000000   0.000000  
UNEDF2    14    22   0.000414   0.000064  
UNEDF2    14    24   0.146756   -0.000018  
UNEDF2    14    26   0.160702   -0.000003  
UNEDF2    14    28   -0.128661   -0.000000  
UNEDF2    14    30   -0.073961   -0.000000  
UNEDF2    14    32   -0.000319   -0.000000  
UNEDF2    14    34   0.000022   0.000000  
UNEDF2    16    10   0.000003   -0.000000  
UNEDF2    16    12   0.000000   0.000000  
UNEDF2    16    14   -0.000000   -0.000000  
UNEDF2    16    16   -0.000922   0.000000  
UNEDF2    16    18   -0.000437   0.000000  
UNEDF2    16    20   0.000202   0.000000  
UNEDF2    16    22   0.001411   0.000368  
UNEDF2    16    24   0.099795   0.000010  
UNEDF2    16    26   0.113285   0.000007  
UNEDF2    16    28   -0.091112   -0.000000  
UNEDF2    16    30   0.000001   0.000000  
UNEDF2    16    32   -0.000262   0.000000  
UNEDF2    16    34   0.001571   0.000007  
UNEDF2    18    14   -0.012309   0.000378  
UNEDF2    18    16   0.000529   0.000033  
UNEDF2    18    18   0.000155   -0.000000  
UNEDF2    18    20   -0.001143   -0.000000  
UNEDF2    18    22   -0.000603   0.000000  
UNEDF2    18    24   0.036449   0.000000  
UNEDF2    18    26   0.036241   -0.000000  
UNEDF2    18    28   -0.000000   0.000000  
UNEDF2    18    30   -0.000268   0.000000  
UNEDF2    18    32   0.000691   -0.000012  
UNEDF2    18    34   0.000708   -0.000032  
UNEDF2    18    36   -0.000002   0.000000  
UNEDF2    18    38   -0.000002   0.000000  
UNEDF2    18    40   -0.000003   -0.000001  
UNEDF2    20    14   -0.000000   0.000000  
UNEDF2    20    16   0.000000   0.000000  
UNEDF2    20    18   0.000041   0.000000  
UNEDF2    20    20   -0.000081   -0.000000  
UNEDF2    20    22   -0.000000   0.000000  
UNEDF2    20    24   -0.000191   0.000000  
UNEDF2    20    26   -0.000308   -0.000000  
UNEDF2    20    28   0.000926   -0.000001  
UNEDF2    20    30   0.000413   -0.000009  
UNEDF2    20    32   0.000143   -0.000024  
UNEDF2    20    34   0.000196   -0.000041  
UNEDF2    20    36   0.000200   0.000021  
UNEDF2    20    38   0.000230   -0.000027  
UNEDF2    20    40   -0.000000   -0.000000  
UNEDF2    20    42   -0.000000   -0.000000  
UNEDF2    20    44   -0.000302   0.000000  
UNEDF2    20    46   -0.000441   0.000000  
UNEDF2    20    48   -0.000521   -0.000000  
UNEDF2    20    50   0.000459   0.000000  
UNEDF2    20    52   0.000326   0.000000  
UNEDF2    20    54   0.000217   0.000000  
UNEDF2    20    56   0.000004   0.000000  
UNEDF2    22    18   -0.000000   -0.000000  
UNEDF2    22    20   -0.000096   0.000000  
UNEDF2    22    22   -0.000001   -0.000000  
UNEDF2    22    24   0.062131   -0.000000  
UNEDF2    22    26   -0.000000   -0.000000  
UNEDF2    22    28   -0.000000   0.000000  
UNEDF2    22    30   0.000254   -0.000000  
UNEDF2    22    32   0.000254   0.000138  
UNEDF2    22    34   -0.000000   -0.000000  
UNEDF2    22    36   -0.000000   0.000000  
UNEDF2    22    38   -0.000000   0.000000  
UNEDF2    22    40   0.000000   0.000000  
UNEDF2    22    42   -0.000000   0.000000  
UNEDF2    22    44   0.089287   -0.000000  
UNEDF2    22    46   0.105224   0.000073  
UNEDF2    22    48   0.099004   0.000000  
UNEDF2    22    50   0.079332   -0.000000  
UNEDF2    22    52   0.049393   -0.000000  
UNEDF2    22    54   0.000002   -0.000000  
UNEDF2    22    56   0.000227   0.000000  
UNEDF2    22    58   0.000159   -0.000000  
UNEDF2    24    20   0.000239   0.000000  
UNEDF2    24    22   0.044627   -0.000000  
UNEDF2    24    24   0.132927   0.000000  
UNEDF2    24    26   0.116324   0.000000  
UNEDF2    24    28   0.056321   0.000000  
UNEDF2    24    30   -0.000000   -0.000000  
UNEDF2    24    32   -0.000437   -0.000000  
UNEDF2    24    34   0.077837   0.000210  
UNEDF2    24    36   0.109293   0.000360  
UNEDF2    24    38   0.005805   -0.000015  
UNEDF2    24    40   -0.000337   0.000000  
UNEDF2    24    42   0.174191   0.000357  
UNEDF2    24    44   0.165227   0.000312  
UNEDF2    24    46   0.159211   0.000044  
UNEDF2    24    48   0.145278   0.000000  
UNEDF2    24    50   0.121955   -0.000000  
UNEDF2    24    52   0.084642   0.000000  
UNEDF2    24    54   -0.033211   -0.000000  
UNEDF2    24    56   -0.000316   -0.000000  
UNEDF2    24    58   0.000215   0.000000  
UNEDF2    26    20   0.000238   0.000011  
UNEDF2    26    22   0.046128   0.000000  
UNEDF2    26    24   0.140190   0.000000  
UNEDF2    26    26   0.119658   0.000000  
UNEDF2    26    28   -0.000000   0.000000  
UNEDF2    26    30   -0.000496   0.000000  
UNEDF2    26    32   -0.000909   -0.000000  
UNEDF2    26    34   0.098661   0.000248  
UNEDF2    26    36   0.108874   0.000089  
UNEDF2    26    38   0.001577   -0.000000  
UNEDF2    26    40   -0.000322   -0.000000  
UNEDF2    26    42   -0.000359   -0.000000  
UNEDF2    26    44   0.135712   -0.000000  
UNEDF2    26    46   0.129334   0.000043  
UNEDF2    26    48   -0.003221   0.000000  
UNEDF2    26    50   -0.002947   -0.000000  
UNEDF2    26    52   -0.000000   -0.000000  
UNEDF2    26    54   -0.000000   0.000000  
UNEDF2    26    56   0.000287   -0.000000  
UNEDF2    26    58   0.000224   -0.000000  
UNEDF2    28    22   0.037736   0.000000  
UNEDF2    28    24   0.117931   0.000065  
UNEDF2    28    26   0.085063   -0.000000  
UNEDF2    28    28   0.001413   -0.000000  
UNEDF2    28    30   0.000507   -0.000000  
UNEDF2    28    32   0.002503   -0.000000  
UNEDF2    28    34   0.088473   0.000233  
UNEDF2    28    36   -0.092496   -0.000000  
UNEDF2    28    38   0.001320   -0.000000  
UNEDF2    28    40   0.000302   0.000000  
UNEDF2    28    42   -0.000331   -0.000000  
UNEDF2    28    44   -0.000000   -0.000000  
UNEDF2    28    46   -0.000000   0.000000  
UNEDF2    28    48   -0.000865   -0.000000  
UNEDF2    28    50   0.000563   0.000000  
UNEDF2    28    52   0.000518   -0.000000  
UNEDF2    28    54   0.000416   -0.000000  
UNEDF2    28    56   0.000290   0.000000  
UNEDF2    28    58   0.000248   0.000000  
UNEDF2    28    60   0.000272   0.000000  
UNEDF2    30    26   -0.000000   -0.000000  
UNEDF2    30    28   0.001282   -0.000000  
UNEDF2    30    30   0.000497   -0.000000  
UNEDF2    30    32   0.003318   -0.000000  
UNEDF2    30    34   0.106261   0.000886  
UNEDF2    30    36   -0.114491   -0.000000  
UNEDF2    30    38   0.001678   -0.000000  
UNEDF2    30    40   -0.000313   -0.000000  
UNEDF2    30    42   -0.000374   -0.000000  
UNEDF2    30    44   0.106846   -0.000000  
UNEDF2    30    46   0.113567   0.000192  
UNEDF2    30    48   0.081954   0.000038  
UNEDF2    30    50   0.005057   -0.000000  
UNEDF2    30    52   0.050597   0.000108  
UNEDF2    30    54   -0.044937   0.000000  
UNEDF2    30    56   0.000437   -0.000000  
UNEDF2    30    58   -0.000392   -0.000000  
UNEDF2    30    60   0.001121   0.000000  
UNEDF2    30    62   0.076790   -0.000000  
UNEDF2    30    64   0.156569   0.001127  
UNEDF2    30    66   0.199102   0.001372  
UNEDF2    30    68   0.219109   0.001396  
UNEDF2    30    70   0.228762   0.001353  
UNEDF2    32    28   -0.000000   0.000000  
UNEDF2    32    30   0.000000   0.000000  
UNEDF2    32    32   0.003581   0.000000  
UNEDF2    32    34   0.144861   0.001295  
UNEDF2    32    36   -0.165744   0.000000  
UNEDF2    32    38   -0.141799   0.000000  
UNEDF2    32    40   0.000410   0.000000  
UNEDF2    32    42   -0.000000   0.000000  
UNEDF2    32    44   0.143294   0.000000  
UNEDF2    32    46   0.141200   0.000589  
UNEDF2    32    48   0.119742   -0.000246  
UNEDF2    32    50   0.080417   -0.000000  
UNEDF2    32    52   0.088119   0.000944  
UNEDF2    32    54   0.096564   0.002423  
UNEDF2    32    56   0.000000   0.000000  
UNEDF2    32    58   0.000000   -0.000000  
UNEDF2    32    60   0.132043   0.002160  
UNEDF2    32    62   0.161105   0.001648  
UNEDF2    32    64   0.189213   0.001357  
UNEDF2    32    66   0.207998   0.001145  
UNEDF2    32    68   0.216818   0.000941  
UNEDF2    32    70   0.218495   0.000705  
UNEDF2    32    72   0.216241   0.000439  
UNEDF2    32    74   0.212817   0.000318  
UNEDF2    32    76   0.209352   0.000276  
UNEDF2    32    78   0.205258   0.000299  
UNEDF2    34    30   0.000000   -0.000000  
UNEDF2    34    32   0.157594   -0.000000  
UNEDF2    34    34   -0.191579   -0.000000  
UNEDF2    34    36   -0.195992   -0.000000  
UNEDF2    34    38   -0.173867   -0.000000  
UNEDF2    34    40   0.000489   -0.000000  
UNEDF2    34    42   -0.000000   -0.000000  
UNEDF2    34    44   0.135736   0.000293  
UNEDF2    34    46   0.127375   0.000411  
UNEDF2    34    48   0.100245   0.000354  
UNEDF2    34    50   0.000000   0.000000  
UNEDF2    34    52   -0.084025   -0.000000  
UNEDF2    34    54   -0.095781   -0.000000  
UNEDF2    34    56   -0.065770   -0.000000  
UNEDF2    34    58   0.000000   -0.000000  
UNEDF2    34    60   -0.171063   0.000000  
UNEDF2    34    62   -0.185867   0.000000  
UNEDF2    34    64   -0.192119   0.000000  
UNEDF2    34    66   -0.193046   0.000000  
UNEDF2    34    68   -0.191064   0.000000  
UNEDF2    34    70   0.225632   0.000555  
UNEDF2    34    72   0.212519   0.000348  
UNEDF2    34    74   0.198300   0.000230  
UNEDF2    34    76   0.186388   -0.000000  
UNEDF2    34    78   0.176314   0.000000  
UNEDF2    34    80   0.166270   0.000000  
UNEDF2    34    82   0.154360   -0.000000  
UNEDF2    36    32   -0.173959   0.000000  
UNEDF2    36    34   -0.200525   0.000000  
UNEDF2    36    36   -0.164426   -0.000000  
UNEDF2    36    38   -0.138639   -0.000000  
UNEDF2    36    40   0.000382   0.000000  
UNEDF2    36    42   -0.000000   0.000000  
UNEDF2    36    44   0.087277   0.000092  
UNEDF2    36    46   0.092560   0.000239  
UNEDF2    36    48   0.000000   -0.000000  
UNEDF2    36    50   0.000474   -0.000000  
UNEDF2    36    52   -0.054160   -0.000000  
UNEDF2    36    54   -0.065831   -0.000000  
UNEDF2    36    56   0.001199   0.000000  
UNEDF2    36    58   0.003068   -0.000000  
UNEDF2    36    60   -0.131627   -0.000000  
UNEDF2    36    62   -0.188350   0.000000  
UNEDF2    36    64   -0.195957   0.000000  
UNEDF2    36    66   -0.196621   0.000000  
UNEDF2    36    68   -0.182629   0.000000  
UNEDF2    36    70   -0.171355   0.000000  
UNEDF2    36    72   -0.152581   0.000000  
UNEDF2    36    74   -0.130843   0.000000  
UNEDF2    36    76   -0.085193   0.000000  
UNEDF2    36    78   0.000000   0.000000  
UNEDF2    36    80   0.002872   -0.000000  
UNEDF2    36    82   0.001748   -0.000000  
UNEDF2    36    84   0.002237   0.000000  
UNEDF2    38    34   -0.197562   -0.000000  
UNEDF2    38    36   -0.156029   -0.000000  
UNEDF2    38    38   0.000548   -0.000000  
UNEDF2    38    40   0.000251   0.000000  
UNEDF2    38    42   0.000283   -0.000000  
UNEDF2    38    44   0.000000   0.000000  
UNEDF2    38    46   0.000000   0.000000  
UNEDF2    38    48   0.000280   -0.000000  
UNEDF2    38    50   0.000243   0.000000  
UNEDF2    38    52   0.000000   0.000000  
UNEDF2    38    54   0.000331   0.000000  
UNEDF2    38    56   0.000294   0.000000  
UNEDF2    38    58   0.006531   0.031952  
UNEDF2    38    60   0.012413   0.035217  
UNEDF2    38    62   0.352324   -0.000000  
UNEDF2    38    64   0.353870   -0.000000  
UNEDF2    38    66   0.345782   -0.000000  
UNEDF2    38    68   -0.184897   0.000000  
UNEDF2    38    70   -0.165037   0.000000  
UNEDF2    38    72   -0.140630   0.000000  
UNEDF2    38    74   0.000546   -0.000000  
UNEDF2    38    76   0.000350   -0.000000  
UNEDF2    38    78   0.000266   -0.000000  
UNEDF2    38    80   0.000218   -0.000000  
UNEDF2    38    82   0.000219   -0.000000  
UNEDF2    38    84   -0.000250   -0.000000  
UNEDF2    38    86   0.000292   0.000000  
UNEDF2    38    88   0.000000   0.000000  
UNEDF2    38    90   -0.000228   -0.000000  
UNEDF2    38    92   0.000168   -0.000000  
UNEDF2    38    94   0.000002   0.000293  
UNEDF2    40    36   -0.138489   -0.000000  
UNEDF2    40    38   0.000339   0.000000  
UNEDF2    40    40   0.000193   0.000000  
UNEDF2    40    42   0.000213   -0.000000  
UNEDF2    40    44   0.000310   0.000000  
UNEDF2    40    46   -0.000311   -0.000000  
UNEDF2    40    48   -0.000218   -0.000000  
UNEDF2    40    50   -0.000195   -0.000000  
UNEDF2    40    52   0.000000   -0.000000  
UNEDF2    40    54   0.000245   -0.000000  
UNEDF2    40    56   0.003213   0.039428  
UNEDF2    40    58   0.007788   0.067210  
UNEDF2    40    60   0.001729   0.059764  
UNEDF2    40    62   0.349605   -0.000000  
UNEDF2    40    64   0.354137   0.000000  
UNEDF2    40    66   0.347904   0.000000  
UNEDF2    40    68   -0.191826   0.000000  
UNEDF2    40    70   -0.181414   -0.000000  
UNEDF2    40    72   -0.164827   0.000000  
UNEDF2    40    74   0.000335   0.000000  
UNEDF2    40    76   0.000270   -0.000000  
UNEDF2    40    78   0.000214   -0.000000  
UNEDF2    40    80   -0.000178   0.000000  
UNEDF2    40    82   -0.000175   -0.000000  
UNEDF2    40    84   -0.000201   0.000001  
UNEDF2    40    86   0.000240   0.000000  
UNEDF2    40    88   0.000237   0.000000  
UNEDF2    40    90   -0.000193   0.000000  
UNEDF2    40    92   0.000145   0.000000  
UNEDF2    40    94   0.000253   0.010319  
UNEDF2    42    38   -0.000000   0.000000  
UNEDF2    42    40   -0.004503   0.087023  
UNEDF2    42    42   0.000000   0.000000  
UNEDF2    42    44   0.084657   0.000000  
UNEDF2    42    46   0.098195   0.000000  
UNEDF2    42    48   0.000000   0.000000  
UNEDF2    42    50   0.000261   0.000000  
UNEDF2    42    52   0.039479   0.000000  
UNEDF2    42    54   0.000000   0.000000  
UNEDF2    42    56   0.000781   0.078020  
UNEDF2    42    58   -0.008951   0.127215  
UNEDF2    42    60   -0.045527   0.133360  
UNEDF2    42    62   0.357349   0.000000  
UNEDF2    42    64   0.346903   0.000000  
UNEDF2    42    66   0.330266   0.000000  
UNEDF2    42    68   -0.210494   -0.000000  
UNEDF2    42    70   -0.205437   -0.000000  
UNEDF2    42    72   -0.199545   0.000000  
UNEDF2    42    74   -0.186019   -0.000000  
UNEDF2    42    76   -0.048551   0.082801  
UNEDF2    42    78   0.055545   0.000000  
UNEDF2    42    80   -0.000000   0.000000  
UNEDF2    42    82   0.000160   0.000000  
UNEDF2    42    84   0.039678   0.000000  
UNEDF2    42    86   0.057840   0.000000  
UNEDF2    42    88   -0.060769   -0.000000  
UNEDF2    42    90   -0.047480   0.000000  
UNEDF2    42    92   0.000000   0.000000  
UNEDF2    42    94   0.000273   0.029719  
UNEDF2    44    42   0.054338   0.000000  
UNEDF2    44    44   0.112392   0.000000  
UNEDF2    44    46   0.126263   0.000000  
UNEDF2    44    48   0.087378   0.000000  
UNEDF2    44    50   0.000000   0.000000  
UNEDF2    44    52   0.084656   0.000000  
UNEDF2    44    54   0.057869   0.000000  
UNEDF2    44    56   -0.005302   0.065537  
UNEDF2    44    58   0.144186   0.000000  
UNEDF2    44    60   0.286327   0.000000  
UNEDF2    44    62   0.308623   0.000000  
UNEDF2    44    64   0.309303   0.000000  
UNEDF2    44    66   0.265197   0.000000  
UNEDF2    44    68   0.259490   0.000000  
UNEDF2    44    70   0.250101   0.000000  
UNEDF2    44    72   0.225363   0.000000  
UNEDF2    44    74   0.182679   0.000000  
UNEDF2    44    76   0.103828   0.000000  
UNEDF2    44    78   0.081810   0.000000  
UNEDF2    44    80   0.029493   0.000000  
UNEDF2    44    82   0.002683   0.000000  
UNEDF2    44    84   0.052784   0.000000  
UNEDF2    44    86   0.071996   0.000000  
UNEDF2    44    88   0.076080   0.000000  
UNEDF2    44    90   -0.059740   0.000000  
UNEDF2    44    92   0.000000   0.000000  
UNEDF2    44    94   0.000184   0.000000  
UNEDF2    44    96   0.000542   0.000000  
UNEDF2    46    42   0.089133   0.000000  
UNEDF2    46    44   0.133656   0.000030  
UNEDF2    46    46   0.119664   0.000000  
UNEDF2    46    48   0.089587   0.000000  
UNEDF2    46    50   0.000000   0.000000  
UNEDF2    46    52   0.092350   0.000000  
UNEDF2    46    54   0.132196   0.000000  
UNEDF2    46    56   0.171039   0.000000  
UNEDF2    46    58   0.168904   0.000000  
UNEDF2    46    60   0.167668   0.000000  
UNEDF2    46    62   0.219465   0.000000  
UNEDF2    46    64   0.234180   0.000000  
UNEDF2    46    66   0.234363   0.000000  
UNEDF2    46    68   0.232295   0.000000  
UNEDF2    46    70   0.222022   0.000000  
UNEDF2    46    72   0.202682   0.000000  
UNEDF2    46    74   0.169457   -0.000000  
UNEDF2    46    76   0.114287   0.000000  
UNEDF2    46    78   0.089224   0.000000  
UNEDF2    46    80   0.045056   -0.000000  
UNEDF2    46    82   -0.000418   0.000000  
UNEDF2    46    84   0.068211   0.000000  
UNEDF2    46    86   0.085210   0.000000  
UNEDF2    46    88   0.075998   0.000000  
UNEDF2    46    90   0.052434   0.000000  
UNEDF2    46    92   0.000000   0.000000  
UNEDF2    46    94   0.000609   -0.000000  
UNEDF2    46    96   0.000000   -0.000000  
UNEDF2    46    98   0.095323   0.000000  
UNEDF2    46   100   0.145891   0.000000  
UNEDF2    46   102   0.162771   0.000000  
UNEDF2    46   104   0.176105   0.000000  
UNEDF2    46   106   0.189590   0.000000  
UNEDF2    46   108   0.198011   0.000000  
UNEDF2    48    46   0.091404   0.000000  
UNEDF2    48    48   0.063313   0.002011  
UNEDF2    48    50   0.000000   -0.000000  
UNEDF2    48    52   0.056621   0.000000  
UNEDF2    48    54   0.053524   -0.000000  
UNEDF2    48    56   0.146900   0.000004  
UNEDF2    48    58   0.146358   -0.000000  
UNEDF2    48    60   0.140280   0.000000  
UNEDF2    48    62   0.140566   0.000000  
UNEDF2    48    64   0.165963   0.000000  
UNEDF2    48    66   0.226794   0.000000  
UNEDF2    48    68   0.223674   0.000000  
UNEDF2    48    70   0.209573   -0.000000  
UNEDF2    48    72   0.182505   0.000000  
UNEDF2    48    74   0.130847   0.000000  
UNEDF2    48    76   0.092039   0.000000  
UNEDF2    48    78   0.070428   0.000000  
UNEDF2    48    80   0.000000   0.000000  
UNEDF2    48    82   -0.000117   -0.000000  
UNEDF2    48    84   0.041531   0.000000  
UNEDF2    48    86   0.063292   0.000000  
UNEDF2    48    88   0.050486   0.000000  
UNEDF2    48    90   0.000000   0.000000  
UNEDF2    48    92   0.000431   0.000000  
UNEDF2    48    94   0.000342   0.000000  
UNEDF2    48    96   -0.000000   0.000000  
UNEDF2    48    98   0.067085   0.000000  
UNEDF2    48   100   0.272674   0.000000  
UNEDF2    48   102   0.255087   0.000000  
UNEDF2    48   104   0.223039   0.000000  
UNEDF2    48   106   0.221583   0.000000  
UNEDF2    48   108   0.224973   0.000000  
UNEDF2    48   110   0.233158   0.000001  
UNEDF2    48   112   0.233213   0.000001  
UNEDF2    48   114   0.158411   0.000000  
UNEDF2    48   116   0.135048   0.000000  
UNEDF2    50    48   0.000000   0.000000  
UNEDF2    50    50   -0.000133   0.000000  
UNEDF2    50    52   -0.000000   0.000000  
UNEDF2    50    54   0.001450   -0.000000  
UNEDF2    50    56   -0.000000   0.000000  
UNEDF2    50    58   -0.000000   0.000000  
UNEDF2    50    60   0.081510   -0.000000  
UNEDF2    50    62   0.078064   -0.000000  
UNEDF2    50    64   -0.000000   0.000000  
UNEDF2    50    66   0.000000   0.000000  
UNEDF2    50    68   0.000000   0.000000  
UNEDF2    50    70   0.000000   0.000000  
UNEDF2    50    72   -0.053169   0.000000  
UNEDF2    50    74   0.031419   0.000000  
UNEDF2    50    76   0.000000   0.000000  
UNEDF2    50    78   0.000000   0.000000  
UNEDF2    50    80   0.000000   0.000000  
UNEDF2    50    82   0.001172   0.000000  
UNEDF2    50    84   -0.000000   0.000000  
UNEDF2    50    86   0.000000   0.000000  
UNEDF2    50    88   0.000793   -0.000000  
UNEDF2    50    90   0.000324   0.000000  
UNEDF2    50    92   0.000170   0.000000  
UNEDF2    50    94   0.000174   0.000000  
UNEDF2    50    96   -0.000000   0.000000  
UNEDF2    50    98   -0.000000   0.000000  
UNEDF2    50   100   0.271795   0.000000  
UNEDF2    50   102   0.271463   0.000000  
UNEDF2    50   104   0.254069   0.000000  
UNEDF2    50   106   0.239071   0.000000  
UNEDF2    50   108   0.231716   0.000000  
UNEDF2    50   110   0.231679   0.000000  
UNEDF2    50   112   0.232909   0.000000  
UNEDF2    50   114   0.227124   0.000000  
UNEDF2    50   116   -0.082215   -0.000000  
UNEDF2    50   118   -0.068441   -0.000000  
UNEDF2    50   120   -0.000000   -0.000000  
UNEDF2    50   122   -0.000000   0.000000  
UNEDF2    50   124   0.000119   0.000000  
UNEDF2    52    56   0.170650   0.096124  
UNEDF2    52    58   0.161237   0.102953  
UNEDF2    52    60   0.258655   -0.000000  
UNEDF2    52    62   0.303587   -0.000000  
UNEDF2    52    64   0.314745   -0.000001  
UNEDF2    52    66   0.298789   0.000001  
UNEDF2    52    68   0.257010   0.000000  
UNEDF2    52    70   0.231516   -0.000000  
UNEDF2    52    72   0.167146   -0.000000  
UNEDF2    52    74   0.136297   -0.000000  
UNEDF2    52    76   0.107872   -0.000000  
UNEDF2    52    78   0.081892   -0.000000  
UNEDF2    52    80   -0.000000   -0.000000  
UNEDF2    52    82   -0.000309   0.000000  
UNEDF2    52    84   0.055283   0.000000  
UNEDF2    52    86   0.081160   0.025989  
UNEDF2    52    88   0.076164   0.035219  
UNEDF2    52    90   -0.039206   -0.000000  
UNEDF2    52    92   -0.108204   0.000000  
UNEDF2    52    94   0.218514   0.000000  
UNEDF2    52    96   0.228169   0.000000  
UNEDF2    52    98   0.253455   0.000000  
UNEDF2    52   100   0.276136   0.000000  
UNEDF2    52   102   0.280985   0.000000  
UNEDF2    52   104   0.278253   -0.000000  
UNEDF2    52   106   0.249591   -0.000000  
UNEDF2    52   108   0.225647   -0.000000  
UNEDF2    52   110   0.228939   0.000000  
UNEDF2    52   112   0.237478   0.000000  
UNEDF2    52   114   0.237860   0.000000  
UNEDF2    52   116   -0.131509   0.000000  
UNEDF2    52   118   -0.115190   0.000000  
UNEDF2    52   120   -0.093369   0.000000  
UNEDF2    52   122   0.051634   0.000000  
UNEDF2    52   124   -0.000000   0.000000  
UNEDF2    52   126   0.000324   0.000000  
UNEDF2    54    56   0.215074   0.150281  
UNEDF2    54    58   0.220043   0.129962  
UNEDF2    54    60   0.271304   0.000000  
UNEDF2    54    62   0.287145   0.000000  
UNEDF2    54    64   0.306068   -0.000000  
UNEDF2    54    66   0.272894   -0.000000  
UNEDF2    54    68   0.270045   0.000000  
UNEDF2    54    70   0.247393   -0.000000  
UNEDF2    54    72   0.224365   0.000000  
UNEDF2    54    74   0.184780   0.000000  
UNEDF2    54    76   0.148766   -0.000000  
UNEDF2    54    78   0.120919   0.000000  
UNEDF2    54    80   0.077327   0.000000  
UNEDF2    54    82   0.000000   -0.000000  
UNEDF2    54    84   0.096290   0.000000  
UNEDF2    54    86   0.128085   0.087800  
UNEDF2    54    88   0.162039   0.117825  
UNEDF2    54    90   0.185051   0.126207  
UNEDF2    54    92   0.217917   0.000008  
UNEDF2    54    94   0.233010   0.000000  
UNEDF2    54    96   0.241698   0.000000  
UNEDF2    54    98   0.253932   0.000000  
UNEDF2    54   100   0.270425   0.000000  
UNEDF2    54   102   0.277197   0.000000  
UNEDF2    54   104   0.273659   -0.000000  
UNEDF2    54   106   0.239142   -0.000000  
UNEDF2    54   108   0.227186   0.000000  
UNEDF2    54   110   0.217562   0.000000  
UNEDF2    54   112   0.208729   0.000000  
UNEDF2    54   114   0.190111   0.000000  
UNEDF2    54   116   0.162515   0.000000  
UNEDF2    54   118   0.138567   0.000535  
UNEDF2    54   120   0.108877   0.000487  
UNEDF2    54   122   0.078405   0.000000  
UNEDF2    54   124   -0.000000   0.000000  
UNEDF2    54   126   -0.000000   -0.000000  
UNEDF2    56    58   0.263247   0.161884  
UNEDF2    56    60   0.346002   0.000000  
UNEDF2    56    62   0.380520   0.000002  
UNEDF2    56    64   0.375753   -0.000000  
UNEDF2    56    66   0.300842   0.000000  
UNEDF2    56    68   0.285735   0.000000  
UNEDF2    56    70   0.266459   -0.000000  
UNEDF2    56    72   0.241346   0.000000  
UNEDF2    56    74   0.208950   -0.000000  
UNEDF2    56    76   0.168466   -0.000000  
UNEDF2    56    78   0.132905   -0.000000  
UNEDF2    56    80   0.088431   0.000000  
UNEDF2    56    82   0.000000   0.000000  
UNEDF2    56    84   0.094389   0.026810  
UNEDF2    56    86   0.145146   0.110177  
UNEDF2    56    88   0.182031   0.142978  
UNEDF2    56    90   0.207908   0.146266  
UNEDF2    56    92   0.235769   0.133490  
UNEDF2    56    94   0.266072   0.062320  
UNEDF2    56    96   0.273225   0.028599  
UNEDF2    56    98   0.274768   0.000000  
UNEDF2    56   100   0.279187   0.000000  
UNEDF2    56   102   0.279804   0.000000  
UNEDF2    56   104   0.270859   -0.000000  
UNEDF2    56   106   0.252444   -0.000000  
UNEDF2    56   108   0.236897   -0.000000  
UNEDF2    56   110   0.223693   0.000000  
UNEDF2    56   112   0.211558   -0.000000  
UNEDF2    56   114   0.192925   0.000000  
UNEDF2    56   116   0.170901   -0.000000  
UNEDF2    56   118   0.146039   0.000000  
UNEDF2    56   120   0.117288   -0.000000  
UNEDF2    56   122   0.071254   0.000000  
UNEDF2    56   124   0.000000   -0.000000  
UNEDF2    56   126   0.000160   0.000000  
UNEDF2    58    60   0.365907   0.000002  
UNEDF2    58    62   0.393844   -0.000000  
UNEDF2    58    64   0.393719   -0.000004  
UNEDF2    58    66   0.348456   -0.000000  
UNEDF2    58    68   0.321189   0.000000  
UNEDF2    58    70   0.296701   0.000000  
UNEDF2    58    72   0.254817   -0.000000  
UNEDF2    58    74   0.212213   0.000000  
UNEDF2    58    76   0.169917   0.000000  
UNEDF2    58    78   0.135828   -0.000000  
UNEDF2    58    80   0.091362   0.000000  
UNEDF2    58    82   -0.000000   -0.000000  
UNEDF2    58    84   0.096285   0.057955  
UNEDF2    58    86   0.141408   0.116927  
UNEDF2    58    88   0.180695   0.143937  
UNEDF2    58    90   0.208561   0.162795  
UNEDF2    58    92   0.283993   0.000000  
UNEDF2    58    94   0.300938   0.000000  
UNEDF2    58    96   0.310156   0.000007  
UNEDF2    58    98   0.311627   0.000006  
UNEDF2    58   100   0.310008   -0.000002  
UNEDF2    58   102   0.309543   0.000001  
UNEDF2    58   104   0.302769   0.000001  
UNEDF2    58   106   0.275015   0.000000  
UNEDF2    58   108   0.246995   -0.000000  
UNEDF2    58   110   0.228674   0.000000  
UNEDF2    58   112   0.212069   -0.000000  
UNEDF2    58   114   0.194087   0.000000  
UNEDF2    58   116   0.173893   0.000000  
UNEDF2    58   118   0.151673   0.000000  
UNEDF2    58   120   -0.118433   -0.000000  
UNEDF2    58   122   -0.077091   0.000000  
UNEDF2    58   124   0.006773   0.000000  
UNEDF2    58   126   0.003737   -0.000000  
UNEDF2    60    62   0.389343   -0.000003  
UNEDF2    60    64   0.385513   -0.000000  
UNEDF2    60    66   0.371328   0.000003  
UNEDF2    60    68   0.350930   0.000000  
UNEDF2    60    70   0.341984   0.000000  
UNEDF2    60    72   0.386857   0.000000  
UNEDF2    60    74   0.221388   0.000000  
UNEDF2    60    76   -0.251635   -0.000000  
UNEDF2    60    78   0.135723   -0.000000  
UNEDF2    60    80   -0.042816   0.000000  
UNEDF2    60    82   0.000851   0.000000  
UNEDF2    60    84   0.081322   0.063331  
UNEDF2    60    86   0.124793   0.121835  
UNEDF2    60    88   0.158698   0.148738  
UNEDF2    60    90   0.206730   0.165603  
UNEDF2    60    92   0.305344   -0.000000  
UNEDF2    60    94   0.319842   0.000000  
UNEDF2    60    96   0.327179   0.000000  
UNEDF2    60    98   0.328163   0.000000  
UNEDF2    60   100   0.326292   0.000000  
UNEDF2    60   102   0.330308   -0.000000  
UNEDF2    60   104   0.341622   -0.000009  
UNEDF2    60   106   0.347658   -0.000000  
UNEDF2    60   108   0.267769   0.000000  
UNEDF2    60   110   0.242325   -0.000000  
UNEDF2    60   112   0.221959   -0.000000  
UNEDF2    60   114   0.202423   -0.000000  
UNEDF2    60   116   0.181318   0.000000  
UNEDF2    60   118   -0.153002   0.000000  
UNEDF2    60   120   -0.121458   -0.000000  
UNEDF2    60   122   -0.085888   0.000000  
UNEDF2    60   124   0.000000   0.000000  
UNEDF2    60   126   0.000000   -0.000000  
UNEDF2    60   128   -0.000000   0.000000  
UNEDF2    62    66   0.374407   0.000000  
UNEDF2    62    68   0.358848   -0.000000  
UNEDF2    62    70   0.360096   -0.000000  
UNEDF2    62    72   0.383667   -0.000000  
UNEDF2    62    74   -0.256653   0.000000  
UNEDF2    62    76   -0.247039   -0.000000  
UNEDF2    62    78   -0.171556   -0.000000  
UNEDF2    62    80   -0.000000   -0.000000  
UNEDF2    62    82   0.000342   0.000000  
UNEDF2    62    84   0.068863   0.079658  
UNEDF2    62    86   0.106528   0.131407  
UNEDF2    62    88   0.122821   0.153356  
UNEDF2    62    90   0.266536   0.099910  
UNEDF2    62    92   0.308422   -0.000000  
UNEDF2    62    94   0.324187   0.026415  
UNEDF2    62    96   0.331135   0.026753  
UNEDF2    62    98   0.332941   -0.000000  
UNEDF2    62   100   0.333222   -0.000000  
UNEDF2    62   102   0.331906   0.000003  
UNEDF2    62   104   0.329738   -0.000000  
UNEDF2    62   106   0.323831   0.000000  
UNEDF2    62   108   0.294754   -0.000002  
UNEDF2    62   110   0.264710   -0.000000  
UNEDF2    62   112   0.239650   -0.000000  
UNEDF2    62   114   -0.223709   -0.000000  
UNEDF2    62   116   -0.202300   -0.000000  
UNEDF2    62   118   -0.171406   -0.000000  
UNEDF2    62   120   -0.136324   -0.000000  
UNEDF2    62   122   -0.095825   -0.000000  
UNEDF2    62   124   0.000000   -0.000000  
UNEDF2    62   126   0.000114   -0.000000  
UNEDF2    62   128   0.013378   -0.000000  
UNEDF2    62   130   0.070020   0.082085  
UNEDF2    62   132   0.087641   0.103207  
UNEDF2    62   134   0.097688   0.117868  
UNEDF2    62   136   0.107402   0.131360  
UNEDF2    62   138   0.099712   0.134638  
UNEDF2    62   140   0.079685   0.133660  
UNEDF2    62   142   0.065470   0.133357  
UNEDF2    62   144   0.274014   -0.000000  
UNEDF2    62   146   0.282264   -0.000000  
UNEDF2    64    68   0.353732   -0.000000  
UNEDF2    64    70   0.348801   0.000000  
UNEDF2    64    72   0.376648   0.000000  
UNEDF2    64    74   0.355461   -0.000000  
UNEDF2    64    76   -0.236455   -0.000000  
UNEDF2    64    78   -0.187706   -0.000000  
UNEDF2    64    80   -0.000000   -0.000000  
UNEDF2    64    82   0.000222   0.000000  
UNEDF2    64    84   0.061114   0.098162  
UNEDF2    64    86   0.089147   0.137734  
UNEDF2    64    88   0.107027   0.162168  
UNEDF2    64    90   0.158012   0.186996  
UNEDF2    64    92   0.304899   -0.000000  
UNEDF2    64    94   0.320850   0.000000  
UNEDF2    64    96   0.327450   -0.000000  
UNEDF2    64    98   0.330048   0.000000  
UNEDF2    64   100   0.330536   -0.000000  
UNEDF2    64   102   0.328541   -0.000000  
UNEDF2    64   104   0.323558   0.000000  
UNEDF2    64   106   0.317673   -0.000000  
UNEDF2    64   108   0.310515   0.000000  
UNEDF2    64   110   0.281297   -0.000000  
UNEDF2    64   112   0.257205   -0.000000  
UNEDF2    64   114   -0.218891   -0.000000  
UNEDF2    64   116   -0.200404   -0.000000  
UNEDF2    64   118   -0.180054   -0.000000  
UNEDF2    64   120   -0.154925   -0.000000  
UNEDF2    64   122   -0.111333   -0.000000  
UNEDF2    64   124   -0.000000   -0.000000  
UNEDF2    64   126   0.000118   0.000000  
UNEDF2    64   128   0.017389   0.034935  
UNEDF2    64   130   0.066359   0.097059  
UNEDF2    64   132   0.082067   0.117846  
UNEDF2    64   134   0.091780   0.134431  
UNEDF2    64   136   0.096666   0.146412  
UNEDF2    64   138   0.087125   0.151322  
UNEDF2    64   140   0.075187   0.154169  
UNEDF2    64   142   0.061476   0.153707  
UNEDF2    64   144   0.275289   -0.000000  
UNEDF2    64   146   0.283921   -0.000000  
UNEDF2    64   148   0.289111   -0.000000  
UNEDF2    66    72   0.327907   -0.000000  
UNEDF2    66    74   0.299530   -0.000000  
UNEDF2    66    76   -0.229793   -0.000000  
UNEDF2    66    78   -0.187906   -0.000000  
UNEDF2    66    80   -0.133747   -0.000000  
UNEDF2    66    82   0.000397   -0.000000  
UNEDF2    66    84   0.060855   0.107648  
UNEDF2    66    86   0.090367   0.150266  
UNEDF2    66    88   0.091810   0.169498  
UNEDF2    66    90   0.090773   0.188403  
UNEDF2    66    92   0.302699   0.000000  
UNEDF2    66    94   0.316734   0.000000  
UNEDF2    66    96   0.325047   0.000001  
UNEDF2    66    98   0.327112   -0.000000  
UNEDF2    66   100   0.327237   -0.000000  
UNEDF2    66   102   0.325909   0.000000  
UNEDF2    66   104   0.320789   0.000000  
UNEDF2    66   106   0.314317   0.000000  
UNEDF2    66   108   0.305123   0.000000  
UNEDF2    66   110   0.285907   0.000000  
UNEDF2    66   112   0.267992   -0.000000  
UNEDF2    66   114   -0.217351   -0.000000  
UNEDF2    66   116   -0.201461   -0.000000  
UNEDF2    66   118   -0.183786   -0.000000  
UNEDF2    66   120   -0.163310   0.000000  
UNEDF2    66   122   -0.123804   0.000000  
UNEDF2    66   124   -0.000000   0.000000  
UNEDF2    66   126   0.000134   0.000000  
UNEDF2    66   128   0.036442   0.070543  
UNEDF2    66   130   0.063486   0.109185  
UNEDF2    66   132   0.077915   0.128071  
UNEDF2    66   134   0.085862   0.145790  
UNEDF2    66   136   0.086372   0.157938  
UNEDF2    66   138   0.078752   0.165424  
UNEDF2    66   140   0.073336   0.171930  
UNEDF2    66   142   0.248628   -0.000000  
UNEDF2    66   144   0.268366   -0.000000  
UNEDF2    66   146   0.279164   0.000000  
UNEDF2    66   148   0.283691   0.000001  
UNEDF2    66   150   0.283978   -0.000000  
UNEDF2    66   152   0.282805   0.000000  
UNEDF2    66   154   0.283360   0.000000  
UNEDF2    66   156   0.289121   -0.000000  
UNEDF2    68    74   0.299151   0.000000  
UNEDF2    68    76   -0.226635   -0.000000  
UNEDF2    68    78   -0.191189   -0.000000  
UNEDF2    68    80   -0.141238   -0.000000  
UNEDF2    68    82   -0.000000   -0.000000  
UNEDF2    68    84   0.063369   0.092040  
UNEDF2    68    86   0.088016   0.149465  
UNEDF2    68    88   0.082620   0.171839  
UNEDF2    68    90   0.247027   0.000000  
UNEDF2    68    92   0.282383   0.000000  
UNEDF2    68    94   0.308707   0.000000  
UNEDF2    68    96   0.320473   0.000000  
UNEDF2    68    98   0.321326   0.000000  
UNEDF2    68   100   0.322904   0.000000  
UNEDF2    68   102   0.322220   -0.000000  
UNEDF2    68   104   0.317037   0.000000  
UNEDF2    68   106   0.309974   0.000000  
UNEDF2    68   108   0.299498   0.000000  
UNEDF2    68   110   0.284598   0.000000  
UNEDF2    68   112   0.270546   -0.000000  
UNEDF2    68   114   0.251381   0.000000  
UNEDF2    68   116   -0.203731   -0.000000  
UNEDF2    68   118   -0.186123   -0.000000  
UNEDF2    68   120   -0.167709   -0.000000  
UNEDF2    68   122   -0.127159   0.000000  
UNEDF2    68   124   -0.072063   -0.000000  
UNEDF2    68   126   0.000230   0.000000  
UNEDF2    68   128   0.039651   0.056756  
UNEDF2    68   130   0.061731   0.110845  
UNEDF2    68   132   0.073054   0.130976  
UNEDF2    68   134   0.076335   0.150763  
UNEDF2    68   136   0.070654   0.163968  
UNEDF2    68   138   0.065406   0.174467  
UNEDF2    68   140   0.060125   0.183131  
UNEDF2    68   142   0.244506   0.000000  
UNEDF2    68   144   0.256850   -0.000000  
UNEDF2    68   146   0.265756   -0.000000  
UNEDF2    68   148   0.268991   -0.000000  
UNEDF2    68   150   0.268403   0.000000  
UNEDF2    68   152   0.270340   0.000000  
UNEDF2    68   154   0.271280   0.000000  
UNEDF2    68   156   0.273344   0.000000  
UNEDF2    68   158   0.280113   0.000000  
UNEDF2    70    78   -0.185991   -0.000000  
UNEDF2    70    80   -0.137063   0.000000  
UNEDF2    70    82   -0.000000   -0.000000  
UNEDF2    70    84   -0.087001   0.000000  
UNEDF2    70    86   0.076442   0.135439  
UNEDF2    70    88   0.067847   0.178987  
UNEDF2    70    90   0.225952   0.028522  
UNEDF2    70    92   0.260346   0.000000  
UNEDF2    70    94   0.288656   0.000000  
UNEDF2    70    96   0.307299   0.000000  
UNEDF2    70    98   0.318269   0.000000  
UNEDF2    70   100   0.322342   0.000000  
UNEDF2    70   102   0.320023   0.000000  
UNEDF2    70   104   0.312645   0.000000  
UNEDF2    70   106   0.303249   -0.000000  
UNEDF2    70   108   0.291340   -0.000000  
UNEDF2    70   110   0.277687   0.000000  
UNEDF2    70   112   0.264731   -0.000000  
UNEDF2    70   114   0.245840   -0.000000  
UNEDF2    70   116   -0.203795   -0.000000  
UNEDF2    70   118   -0.184784   -0.000000  
UNEDF2    70   120   -0.164250   -0.000000  
UNEDF2    70   122   -0.125644   -0.000000  
UNEDF2    70   124   -0.075130   -0.000000  
UNEDF2    70   126   0.000386   0.000000  
UNEDF2    70   128   -0.040452   -0.000000  
UNEDF2    70   130   0.060227   0.097444  
UNEDF2    70   132   0.063208   0.129645  
UNEDF2    70   134   0.058473   0.150586  
UNEDF2    70   136   0.048105   0.164755  
UNEDF2    70   138   0.046522   0.179480  
UNEDF2    70   140   0.223031   -0.000000  
UNEDF2    70   142   0.240426   0.000000  
UNEDF2    70   144   0.254905   -0.000000  
UNEDF2    70   146   0.261842   0.000001  
UNEDF2    70   148   0.261798   -0.000000  
UNEDF2    70   150   0.258933   0.000000  
UNEDF2    70   152   0.258808   0.000000  
UNEDF2    70   154   0.258817   0.000000  
UNEDF2    70   156   0.258516   0.000000  
UNEDF2    70   158   0.255781   0.000000  
UNEDF2    70   160   0.252964   0.000000  
UNEDF2    70   162   0.247357   0.000000  
UNEDF2    72    80   -0.126398   -0.000000  
UNEDF2    72    82   0.009375   0.000000  
UNEDF2    72    84   0.088853   0.000000  
UNEDF2    72    86   0.145654   -0.000000  
UNEDF2    72    88   0.177199   0.030408  
UNEDF2    72    90   0.208527   0.053792  
UNEDF2    72    92   0.242756   0.000000  
UNEDF2    72    94   0.270774   0.000000  
UNEDF2    72    96   0.299759   0.000001  
UNEDF2    72    98   0.334798   0.000000  
UNEDF2    72   100   0.338268   0.000000  
UNEDF2    72   102   0.335541   0.000000  
UNEDF2    72   104   0.299499   0.000000  
UNEDF2    72   106   0.283981   0.000000  
UNEDF2    72   108   0.269983   0.000000  
UNEDF2    72   110   0.257977   0.000000  
UNEDF2    72   112   0.244750   -0.000000  
UNEDF2    72   114   0.224162   0.000000  
UNEDF2    72   116   0.201854   -0.000000  
UNEDF2    72   118   -0.175882   -0.000000  
UNEDF2    72   120   -0.154256   -0.000000  
UNEDF2    72   122   -0.119282   -0.000000  
UNEDF2    72   124   -0.078698   -0.000000  
UNEDF2    72   126   0.000441   0.000000  
UNEDF2    72   128   -0.031854   -0.000001  
UNEDF2    72   130   0.071384   0.071555  
UNEDF2    72   132   0.064880   0.119142  
UNEDF2    72   134   0.038679   0.148814  
UNEDF2    72   136   0.026047   0.163580  
UNEDF2    72   138   0.019395   0.177996  
UNEDF2    72   140   0.211706   0.000000  
UNEDF2    72   142   0.233741   0.000000  
UNEDF2    72   144   0.263721   0.000001  
UNEDF2    72   146   0.272294   0.000000  
UNEDF2    72   148   0.268662   0.000003  
UNEDF2    72   150   0.261997   0.000000  
UNEDF2    72   152   0.258336   0.000000  
UNEDF2    72   154   0.256409   0.000000  
UNEDF2    72   156   0.253029   0.000000  
UNEDF2    72   158   0.248170   0.000000  
UNEDF2    72   160   0.241687   0.000000  
UNEDF2    72   162   0.232081   0.000000  
UNEDF2    72   164   0.219029   0.000000  
UNEDF2    72   166   0.204204   0.000000  
UNEDF2    72   168   0.189570   -0.000000  
UNEDF2    72   170   0.175766   0.000000  
UNEDF2    72   172   -0.160379   -0.000000  
UNEDF2    74    82   -0.000000   0.000000  
UNEDF2    74    84   0.083299   -0.000001  
UNEDF2    74    86   0.138356   0.000000  
UNEDF2    74    88   0.166528   0.000000  
UNEDF2    74    90   0.185959   0.052266  
UNEDF2    74    92   0.225188   0.000000  
UNEDF2    74    94   0.285488   0.000000  
UNEDF2    74    96   0.306742   0.000001  
UNEDF2    74    98   0.315264   0.000002  
UNEDF2    74   100   0.323167   0.000000  
UNEDF2    74   102   0.324958   0.000001  
UNEDF2    74   104   0.314070   -0.000000  
UNEDF2    74   106   0.262804   0.000000  
UNEDF2    74   108   0.248468   0.000000  
UNEDF2    74   110   0.236899   0.000000  
UNEDF2    74   112   0.223576   0.000000  
UNEDF2    74   114   0.206794   -0.000000  
UNEDF2    74   116   0.186785   -0.000000  
UNEDF2    74   118   -0.164377   -0.000000  
UNEDF2    74   120   -0.143205   -0.000000  
UNEDF2    74   122   -0.111496   -0.000000  
UNEDF2    74   124   -0.072650   -0.000000  
UNEDF2    74   126   0.000301   0.000000  
UNEDF2    74   128   -0.029342   -0.000002  
UNEDF2    74   130   0.069331   0.064302  
UNEDF2    74   132   0.060910   0.113192  
UNEDF2    74   134   0.024830   0.145254  
UNEDF2    74   136   0.009948   0.159461  
UNEDF2    74   138   -0.012659   0.166355  
UNEDF2    74   140   -0.036809   0.167498  
UNEDF2    74   142   0.252340   0.000000  
UNEDF2    74   144   0.265439   0.000001  
UNEDF2    74   146   0.274319   0.000005  
UNEDF2    74   148   0.278698   0.000004  
UNEDF2    74   150   0.278787   0.000000  
UNEDF2    74   152   0.274722   0.000001  
UNEDF2    74   154   0.269519   0.000000  
UNEDF2    74   156   0.262849   0.000000  
UNEDF2    74   158   0.255711   0.000000  
UNEDF2    74   160   0.237189   0.000000  
UNEDF2    74   162   0.221390   0.000000  
UNEDF2    74   164   0.205746   0.000000  
UNEDF2    74   166   0.191342   0.000000  
UNEDF2    74   168   0.178221   0.000000  
UNEDF2    74   170   0.165068   0.000000  
UNEDF2    74   172   -0.151174   -0.000000  
UNEDF2    74   174   -0.135296   -0.000000  
UNEDF2    74   176   -0.117706   -0.000000  
UNEDF2    74   178   -0.099452   -0.000000  
UNEDF2    74   180   -0.074946   -0.000000  
UNEDF2    74   182   -0.000000   0.000000  
UNEDF2    74   184   -0.000000   0.000000  
UNEDF2    76    86   0.117453   -0.000000  
UNEDF2    76    88   0.146291   0.026849  
UNEDF2    76    90   -0.004501   0.177515  
UNEDF2    76    92   -0.028701   0.184852  
UNEDF2    76    94   0.280183   0.000000  
UNEDF2    76    96   0.294853   0.000002  
UNEDF2    76    98   0.302145   0.000002  
UNEDF2    76   100   0.309975   0.000001  
UNEDF2    76   102   0.315440   0.000002  
UNEDF2    76   104   0.308225   0.000000  
UNEDF2    76   106   0.252184   0.000000  
UNEDF2    76   108   0.232515   0.000000  
UNEDF2    76   110   0.219106   0.000000  
UNEDF2    76   112   0.203416   0.000000  
UNEDF2    76   114   0.187315   -0.000000  
UNEDF2    76   116   0.168152   -0.000000  
UNEDF2    76   118   -0.149642   -0.000000  
UNEDF2    76   120   -0.130966   -0.000000  
UNEDF2    76   122   -0.102552   -0.000000  
UNEDF2    76   124   -0.064213   -0.000000  
UNEDF2    76   126   0.000137   0.000000  
UNEDF2    76   128   0.014597   -0.000001  
UNEDF2    76   130   0.057489   0.064425  
UNEDF2    76   132   0.056296   0.107447  
UNEDF2    76   134   0.020509   0.138684  
UNEDF2    76   136   0.004971   0.153150  
UNEDF2    76   138   -0.017520   0.160312  
UNEDF2    76   140   -0.038012   0.163170  
UNEDF2    76   142   0.246179   0.000000  
UNEDF2    76   144   0.258826   0.000001  
UNEDF2    76   146   0.269776   0.000003  
UNEDF2    76   148   0.277677   0.000001  
UNEDF2    76   150   0.280217   0.000001  
UNEDF2    76   152   0.278474   0.000001  
UNEDF2    76   154   0.274550   -0.000000  
UNEDF2    76   156   0.269478   0.000000  
UNEDF2    76   158   0.262892   0.000000  
UNEDF2    76   160   0.240838   0.000000  
UNEDF2    76   162   0.212379   0.000000  
UNEDF2    76   164   0.191423   0.000000  
UNEDF2    76   166   0.178385   0.000000  
UNEDF2    76   168   0.165485   0.000000  
UNEDF2    76   170   0.152714   0.000000  
UNEDF2    76   172   -0.143097   -0.000000  
UNEDF2    76   174   -0.128365   -0.000000  
UNEDF2    76   176   -0.112350   -0.000000  
UNEDF2    76   178   -0.093722   -0.000000  
UNEDF2    76   180   -0.072426   -0.000000  
UNEDF2    76   182   -0.000000   0.000000  
UNEDF2    76   184   0.000123   0.000000  
UNEDF2    78    90   0.000814   0.164971  
UNEDF2    78    92   -0.024998   0.169452  
UNEDF2    78    94   0.267201   0.000000  
UNEDF2    78    96   0.282073   0.000000  
UNEDF2    78    98   0.291885   0.000000  
UNEDF2    78   100   0.302239   0.000000  
UNEDF2    78   102   0.309993   0.000002  
UNEDF2    78   104   0.300703   0.000000  
UNEDF2    78   106   0.281956   0.000000  
UNEDF2    78   108   0.255656   0.000000  
UNEDF2    78   110   0.204571   0.000000  
UNEDF2    78   112   0.176031   0.000000  
UNEDF2    78   114   0.163822   -0.000000  
UNEDF2    78   116   -0.145211   -0.000000  
UNEDF2    78   118   -0.138186   -0.000000  
UNEDF2    78   120   -0.121453   -0.000000  
UNEDF2    78   122   -0.093944   -0.000000  
UNEDF2    78   124   -0.053982   -0.000000  
UNEDF2    78   126   0.000105   0.000000  
UNEDF2    78   128   -0.000000   0.000000  
UNEDF2    78   130   0.044997   0.066838  
UNEDF2    78   132   0.050658   0.102271  
UNEDF2    78   134   0.025117   0.126479  
UNEDF2    78   136   0.009826   0.142202  
UNEDF2    78   138   -0.011058   0.149882  
UNEDF2    78   140   -0.032494   0.152045  
UNEDF2    78   142   -0.047166   0.152292  
UNEDF2    78   144   0.251714   0.000001  
UNEDF2    78   146   0.264925   0.000002  
UNEDF2    78   148   0.272546   0.000002  
UNEDF2    78   150   0.274546   0.000002  
UNEDF2    78   152   0.272241   0.000001  
UNEDF2    78   154   0.267751   0.000000  
UNEDF2    78   156   0.263026   0.000000  
UNEDF2    78   158   0.256731   0.000000  
UNEDF2    78   160   0.248214   0.000000  
UNEDF2    78   162   0.228949   0.000000  
UNEDF2    78   164   0.196169   0.000000  
UNEDF2    78   166   0.170734   0.000000  
UNEDF2    78   168   -0.152865   -0.000000  
UNEDF2    78   170   -0.145545   -0.000000  
UNEDF2    78   172   -0.134757   -0.000000  
UNEDF2    78   174   -0.121723   -0.000000  
UNEDF2    78   176   -0.106740   -0.000000  
UNEDF2    78   178   -0.090506   -0.000000  
UNEDF2    78   180   -0.067900   -0.000000  
UNEDF2    78   182   0.000332   0.000000  
UNEDF2    78   184   0.000086   0.000000  
UNEDF2    80    94   -0.026670   0.139121  
UNEDF2    80    96   0.267915   0.000003  
UNEDF2    80    98   0.290556   0.000002  
UNEDF2    80   100   0.304737   0.000003  
UNEDF2    80   102   0.308822   0.000002  
UNEDF2    80   104   0.301566   0.000001  
UNEDF2    80   106   0.289720   0.000000  
UNEDF2    80   108   -0.172033   -0.000000  
UNEDF2    80   110   -0.161619   -0.000000  
UNEDF2    80   112   -0.151200   -0.000000  
UNEDF2    80   114   -0.141254   -0.000000  
UNEDF2    80   116   -0.130665   -0.000000  
UNEDF2    80   118   -0.123758   -0.000000  
UNEDF2    80   120   -0.103137   -0.000000  
UNEDF2    80   122   -0.075733   -0.000000  
UNEDF2    80   124   -0.000000   0.000000  
UNEDF2    80   126   0.000077   0.000000  
UNEDF2    80   128   -0.000000   0.000000  
UNEDF2    80   130   0.029174   0.061011  
UNEDF2    80   132   0.042152   0.096843  
UNEDF2    80   134   0.034833   0.110394  
UNEDF2    80   136   0.019528   0.124861  
UNEDF2    80   138   0.002890   0.130962  
UNEDF2    80   140   -0.022013   0.130008  
UNEDF2    80   142   -0.039053   0.126438  
UNEDF2    80   144   0.244821   0.000002  
UNEDF2    80   146   0.258572   0.000001  
UNEDF2    80   148   0.265442   0.000001  
UNEDF2    80   150   0.266668   0.000003  
UNEDF2    80   152   0.264166   0.000001  
UNEDF2    80   154   0.260529   0.000000  
UNEDF2    80   156   0.256713   0.000000  
UNEDF2    80   158   0.252193   0.000000  
UNEDF2    80   160   0.245277   0.000000  
UNEDF2    80   162   0.233072   0.000000  
UNEDF2    80   164   -0.172022   -0.000001  
UNEDF2    80   166   -0.162266   -0.000001  
UNEDF2    80   168   -0.149897   -0.000000  
UNEDF2    80   170   -0.143041   -0.000000  
UNEDF2    80   172   -0.132660   -0.000000  
UNEDF2    80   174   -0.118945   -0.000000  
UNEDF2    80   176   -0.101522   -0.000000  
UNEDF2    80   178   -0.078188   -0.000000  
UNEDF2    80   180   -0.052329   -0.000000  
UNEDF2    80   182   -0.000000   0.000000  
UNEDF2    80   184   -0.000693   -0.000000  
UNEDF2    82   100   0.297268   -0.000001  
UNEDF2    82   102   0.298299   -0.000000  
UNEDF2    82   104   0.291657   -0.000003  
UNEDF2    82   106   0.276682   0.000001  
UNEDF2    82   108   -0.184654   -0.000000  
UNEDF2    82   110   -0.000000   0.000000  
UNEDF2    82   112   -0.000000   -0.000000  
UNEDF2    82   114   -0.000000   -0.000000  
UNEDF2    82   116   -0.000000   -0.000000  
UNEDF2    82   118   0.000445   0.000000  
UNEDF2    82   120   0.000230   -0.000000  
UNEDF2    82   122   0.000142   0.000000  
UNEDF2    82   124   -0.000088   0.000000  
UNEDF2    82   126   -0.000066   -0.000000  
UNEDF2    82   128   -0.000074   0.000000  
UNEDF2    82   130   -0.000100   -0.000000  
UNEDF2    82   132   0.009642   0.050748  
UNEDF2    82   134   0.020452   0.080886  
UNEDF2    82   136   0.018921   0.092035  
UNEDF2    82   138   0.014321   0.095399  
UNEDF2    82   140   0.001773   0.093600  
UNEDF2    82   142   -0.012680   0.084980  
UNEDF2    82   144   -0.022611   0.079127  
UNEDF2    82   146   0.231818   0.000000  
UNEDF2    82   148   0.240992   -0.000000  
UNEDF2    82   150   0.245105   -0.000000  
UNEDF2    82   152   0.245629   -0.000000  
UNEDF2    82   154   0.243811   -0.000000  
UNEDF2    82   156   0.239989   -0.000000  
UNEDF2    82   158   0.233665   -0.000000  
UNEDF2    82   160   0.223452   0.000000  
UNEDF2    82   162   -0.167132   0.000000  
UNEDF2    82   164   -0.162790   -0.000000  
UNEDF2    82   166   -0.156715   0.000000  
UNEDF2    82   168   -0.148545   0.000000  
UNEDF2    82   170   -0.137520   0.000000  
UNEDF2    82   172   -0.122296   0.000000  
UNEDF2    82   174   -0.000000   -0.000000  
UNEDF2    82   176   0.000350   -0.000000  
UNEDF2    82   178   0.000186   -0.000000  
UNEDF2    82   180   0.000114   -0.000000  
UNEDF2    82   182   -0.000078   0.000000  
UNEDF2    82   184   -0.000064   0.000000  
UNEDF2    84   102   0.300146   0.000001  
UNEDF2    84   104   0.294406   -0.000001  
UNEDF2    84   106   0.273295   -0.000000  
UNEDF2    84   108   0.251227   -0.000000  
UNEDF2    84   110   -0.191048   0.000000  
UNEDF2    84   112   0.090195   -0.000000  
UNEDF2    84   114   -0.073766   0.000000  
UNEDF2    84   116   -0.061183   0.000000  
UNEDF2    84   118   -0.044609   -0.000000  
UNEDF2    84   120   -0.000000   -0.000000  
UNEDF2    84   122   -0.000000   0.000000  
UNEDF2    84   124   -0.000107   -0.000000  
UNEDF2    84   126   -0.000078   -0.000000  
UNEDF2    84   128   -0.000000   0.000000  
UNEDF2    84   130   -0.000000   -0.000000  
UNEDF2    84   132   0.032376   0.078290  
UNEDF2    84   134   0.043775   0.098879  
UNEDF2    84   136   0.040316   0.105218  
UNEDF2    84   138   0.018800   0.099975  
UNEDF2    84   140   -0.023168   0.094181  
UNEDF2    84   142   0.185000   0.000000  
UNEDF2    84   144   0.205742   0.000000  
UNEDF2    84   146   0.220976   0.000000  
UNEDF2    84   148   0.230310   0.000000  
UNEDF2    84   150   0.234592   0.000000  
UNEDF2    84   152   0.235164   0.000000  
UNEDF2    84   154   0.232758   -0.000000  
UNEDF2    84   156   0.229208   -0.000000  
UNEDF2    84   158   0.222421   -0.000000  
UNEDF2    84   160   0.210558   -0.000000  
UNEDF2    84   162   0.192286   0.000000  
UNEDF2    84   164   -0.162806   0.000000  
UNEDF2    84   166   -0.156050   -0.000000  
UNEDF2    84   168   -0.147146   0.000000  
UNEDF2    84   170   -0.135114   0.000000  
UNEDF2    84   172   -0.118440   0.000000  
UNEDF2    84   174   -0.076218   0.000000  
UNEDF2    84   176   -0.048700   -0.000000  
UNEDF2    84   178   -0.000000   0.000000  
UNEDF2    84   180   0.000341   0.000129  
UNEDF2    84   182   -0.000092   0.000000  
UNEDF2    84   184   0.000003   0.000150  
UNEDF2    86   106   0.271056   -0.000000  
UNEDF2    86   108   0.238622   -0.000000  
UNEDF2    86   110   0.180457   -0.000000  
UNEDF2    86   112   0.142209   -0.000000  
UNEDF2    86   114   0.114247   -0.000000  
UNEDF2    86   116   -0.102754   -0.000000  
UNEDF2    86   118   -0.086348   -0.000000  
UNEDF2    86   120   -0.076001   -0.000000  
UNEDF2    86   122   -0.039460   0.000000  
UNEDF2    86   124   0.000116   0.000090  
UNEDF2    86   126   -0.000098   0.000000  
UNEDF2    86   128   -0.000000   -0.000000  
UNEDF2    86   130   0.000000   -0.000000  
UNEDF2    86   132   0.074518   0.109874  
UNEDF2    86   134   0.102858   0.131768  
UNEDF2    86   136   0.123641   0.152369  
UNEDF2    86   138   0.157638   0.154929  
UNEDF2    86   140   0.174403   -0.000000  
UNEDF2    86   142   0.192131   0.000000  
UNEDF2    86   144   0.206776   -0.000000  
UNEDF2    86   146   0.217073   -0.000000  
UNEDF2    86   148   0.223310   -0.000000  
UNEDF2    86   150   0.225305   -0.000000  
UNEDF2    86   152   0.223998   -0.000000  
UNEDF2    86   154   0.221197   0.000000  
UNEDF2    86   156   0.216398   -0.000000  
UNEDF2    86   158   0.207861   -0.000000  
UNEDF2    86   160   0.189468   -0.000000  
UNEDF2    86   162   0.172993   -0.000000  
UNEDF2    86   164   0.155650   -0.000000  
UNEDF2    86   166   0.134898   0.000000  
UNEDF2    86   168   0.115905   0.000778  
UNEDF2    86   170   -0.120366   -0.000000  
UNEDF2    86   172   -0.103971   0.000000  
UNEDF2    86   174   -0.083618   -0.000000  
UNEDF2    86   176   -0.061443   -0.000000  
UNEDF2    86   178   -0.038594   0.000000  
UNEDF2    86   180   -0.000000   -0.000000  
UNEDF2    86   182   0.000115   -0.000000  
UNEDF2    86   184   0.000018   0.000140  
UNEDF2    86   186   0.000012   0.000174  
UNEDF2    88   110   0.202367   -0.000000  
UNEDF2    88   112   0.169274   -0.000000  
UNEDF2    88   114   0.139554   -0.000000  
UNEDF2    88   116   0.111501   0.001752  
UNEDF2    88   118   -0.100331   -0.000000  
UNEDF2    88   120   -0.072964   -0.000000  
UNEDF2    88   122   -0.047343   -0.000000  
UNEDF2    88   124   0.000166   0.000051  
UNEDF2    88   126   0.000111   0.000000  
UNEDF2    88   128   0.000128   -0.000000  
UNEDF2    88   130   0.000000   0.000000  
UNEDF2    88   132   0.106319   0.136553  
UNEDF2    88   134   0.136136   0.164885  
UNEDF2    88   136   0.166980   0.183502  
UNEDF2    88   138   0.188180   0.189166  
UNEDF2    88   140   0.205338   0.172480  
UNEDF2    88   142   0.216906   0.115527  
UNEDF2    88   144   0.219642   0.013020  
UNEDF2    88   146   0.227633   0.000000  
UNEDF2    88   148   0.231828   0.000000  
UNEDF2    88   150   0.230831   0.000000  
UNEDF2    88   152   0.225940   -0.000000  
UNEDF2    88   154   0.219844   0.000000  
UNEDF2    88   156   0.213584   -0.000000  
UNEDF2    88   158   0.202143   -0.000000  
UNEDF2    88   160   0.188482   -0.000000  
UNEDF2    88   162   0.172647   0.000000  
UNEDF2    88   164   0.157038   -0.000000  
UNEDF2    88   166   0.139466   -0.000000  
UNEDF2    88   168   0.121648   0.000000  
UNEDF2    88   170   0.104110   0.000430  
UNEDF2    88   172   0.085235   0.000000  
UNEDF2    88   174   -0.076299   -0.000000  
UNEDF2    88   176   -0.058104   0.000000  
UNEDF2    88   178   -0.037794   0.000000  
UNEDF2    88   180   -0.000000   -0.000000  
UNEDF2    88   182   -0.000117   0.000000  
UNEDF2    88   184   0.000023   0.000132  
UNEDF2    88   186   0.000009   0.000167  
UNEDF2    90   116   0.128157   -0.000000  
UNEDF2    90   118   0.095909   0.000000  
UNEDF2    90   120   -0.076851   -0.000000  
UNEDF2    90   122   -0.000000   -0.000000  
UNEDF2    90   124   0.000159   0.000070  
UNEDF2    90   126   0.000112   -0.000000  
UNEDF2    90   128   -0.000127   0.000000  
UNEDF2    90   130   0.092092   0.125430  
UNEDF2    90   132   0.124353   0.155871  
UNEDF2    90   134   0.157372   0.182101  
UNEDF2    90   136   0.184949   0.198173  
UNEDF2    90   138   0.205246   0.204548  
UNEDF2    90   140   0.222816   0.199743  
UNEDF2    90   142   0.236240   0.171988  
UNEDF2    90   144   0.243050   0.121590  
UNEDF2    90   146   0.247583   0.083680  
UNEDF2    90   148   0.245037   0.012671  
UNEDF2    90   150   0.243592   -0.000000  
UNEDF2    90   152   0.239671   -0.000001  
UNEDF2    90   154   0.231618   -0.000000  
UNEDF2    90   156   0.223139   -0.000000  
UNEDF2    90   158   0.212131   -0.000000  
UNEDF2    90   160   0.197490   0.000000  
UNEDF2    90   162   0.176709   0.000000  
UNEDF2    90   164   0.162742   0.000000  
UNEDF2    90   166   0.145060   0.000000  
UNEDF2    90   168   0.125468   -0.000000  
UNEDF2    90   170   0.106131   -0.000000  
UNEDF2    90   172   0.083522   -0.000000  
UNEDF2    90   174   0.055604   -0.000000  
UNEDF2    90   176   -0.037385   0.000000  
UNEDF2    90   178   -0.000000   -0.000000  
UNEDF2    90   180   0.000162   0.000009  
UNEDF2    90   182   -0.000100   0.000000  
UNEDF2    90   184   0.000008   0.000132  
UNEDF2    90   186   0.000002   0.000166  
UNEDF2    90   188   0.000106   0.000000  
UNEDF2    90   190   0.000153   0.000000  
UNEDF2    90   192   -0.000000   0.000000  
UNEDF2    90   194   0.034857   0.053001  
UNEDF2    90   196   0.049307   0.055364  
UNEDF2    90   198   0.079022   0.000000  
UNEDF2    90   200   0.092391   -0.000000  
UNEDF2    90   202   0.137373   0.000000  
UNEDF2    90   204   0.173152   0.049498  
UNEDF2    90   206   0.179909   0.030339  
UNEDF2    90   208   0.184147   -0.000000  
UNEDF2    90   210   0.187747   -0.000000  
UNEDF2    92   120   -0.085786   0.000000  
UNEDF2    92   122   -0.000000   0.000000  
UNEDF2    92   124   0.000175   0.000000  
UNEDF2    92   126   0.000111   0.000000  
UNEDF2    92   128   -0.000126   -0.000000  
UNEDF2    92   130   0.101042   0.141809  
UNEDF2    92   132   0.131775   0.169840  
UNEDF2    92   134   0.167839   0.194362  
UNEDF2    92   136   0.196969   0.208801  
UNEDF2    92   138   0.218868   0.214271  
UNEDF2    92   140   0.237766   0.211366  
UNEDF2    92   142   0.252207   0.194268  
UNEDF2    92   144   0.259247   0.155177  
UNEDF2    92   146   0.259945   0.091126  
UNEDF2    92   148   0.258715   0.041083  
UNEDF2    92   150   0.257157   0.011976  
UNEDF2    92   152   0.252519   -0.000000  
UNEDF2    92   154   0.246004   0.000002  
UNEDF2    92   156   0.236979   0.000000  
UNEDF2    92   158   0.225017   0.000000  
UNEDF2    92   160   0.210387   -0.000000  
UNEDF2    92   162   0.192413   0.000000  
UNEDF2    92   164   0.173498   -0.000000  
UNEDF2    92   166   0.154695   -0.000000  
UNEDF2    92   168   0.134588   -0.000000  
UNEDF2    92   170   -0.000000   0.000000  
UNEDF2    92   172   -0.000000   0.000000  
UNEDF2    92   174   -0.000000   0.000000  
UNEDF2    92   176   0.000950   0.000000  
UNEDF2    92   178   0.000244   0.000000  
UNEDF2    92   180   0.000141   0.000000  
UNEDF2    92   182   -0.000092   0.000000  
UNEDF2    92   184   0.000002   0.000150  
UNEDF2    92   186   0.000001   0.000191  
UNEDF2    92   188   0.000096   -0.000000  
UNEDF2    92   190   0.000131   -0.000000  
UNEDF2    92   192   -0.000189   0.000000  
UNEDF2    92   194   0.037478   0.077566  
UNEDF2    92   196   0.037440   0.079347  
UNEDF2    92   198   0.129500   0.136326  
UNEDF2    92   200   0.158146   0.137066  
UNEDF2    92   202   0.176846   0.116610  
UNEDF2    92   204   0.190963   0.088549  
UNEDF2    92   206   0.200024   0.065310  
UNEDF2    92   208   0.205737   0.050179  
UNEDF2    92   210   0.208152   0.015172  
UNEDF2    92   212   0.209827   0.006315  
UNEDF2    92   214   0.209587   -0.000000  
UNEDF2    94   124   0.000193   0.000000  
UNEDF2    94   126   -0.000118   -0.000000  
UNEDF2    94   128   -0.000134   -0.000000  
UNEDF2    94   130   0.100365   0.151370  
UNEDF2    94   132   0.130591   0.179056  
UNEDF2    94   134   0.171102   0.204229  
UNEDF2    94   136   0.204452   0.216968  
UNEDF2    94   138   0.229581   0.220397  
UNEDF2    94   140   0.250136   0.216297  
UNEDF2    94   142   0.264813   0.201586  
UNEDF2    94   144   0.272256   0.171919  
UNEDF2    94   146   0.273357   0.129004  
UNEDF2    94   148   0.270087   0.067875  
UNEDF2    94   150   0.266853   0.012310  
UNEDF2    94   152   0.263385   0.000004  
UNEDF2    94   154   0.257647   0.000002  
UNEDF2    94   156   0.249620   0.000001  
UNEDF2    94   158   0.238980   0.000000  
UNEDF2    94   160   0.224632   0.000000  
UNEDF2    94   162   0.206385   0.000000  
UNEDF2    94   164   0.187530   -0.000000  
UNEDF2    94   166   0.168873   -0.000000  
UNEDF2    94   168   -0.133662   -0.000000  
UNEDF2    94   170   -0.117736   -0.000000  
UNEDF2    94   172   -0.099882   -0.000000  
UNEDF2    94   174   -0.079608   -0.000000  
UNEDF2    94   176   -0.055740   -0.000000  
UNEDF2    94   178   -0.000000   -0.000000  
UNEDF2    94   180   0.000173   -0.000000  
UNEDF2    94   182   -0.000105   -0.000000  
UNEDF2    94   184   0.000081   -0.000000  
UNEDF2    94   186   0.000083   -0.000000  
UNEDF2    94   188   -0.000109   0.000000  
UNEDF2    94   190   0.047371   0.093502  
UNEDF2    94   192   0.063992   0.112612  
UNEDF2    94   194   0.078132   0.127254  
UNEDF2    94   196   0.099470   0.143115  
UNEDF2    94   198   0.132989   0.160383  
UNEDF2    94   200   0.161296   0.165854  
UNEDF2    94   202   0.185241   0.152696  
UNEDF2    94   204   0.204157   0.117626  
UNEDF2    94   206   0.214845   0.080835  
UNEDF2    94   208   0.218951   0.009204  
UNEDF2    94   210   0.222091   0.008085  
UNEDF2    94   212   0.223780   0.000000  
UNEDF2    94   214   0.224091   0.006225  
UNEDF2    94   216   0.222549   0.005561  
UNEDF2    94   218   0.218898   0.005099  
UNEDF2    96   128   0.041819   0.101730  
UNEDF2    96   130   0.099112   0.160356  
UNEDF2    96   132   0.125731   0.185060  
UNEDF2    96   134   0.167080   0.211777  
UNEDF2    96   136   0.205834   0.223651  
UNEDF2    96   138   0.235551   0.224663  
UNEDF2    96   140   0.258528   0.217665  
UNEDF2    96   142   0.273652   0.200737  
UNEDF2    96   144   0.281074   0.173824  
UNEDF2    96   146   0.282595   0.139653  
UNEDF2    96   148   0.274098   0.000002  
UNEDF2    96   150   0.273320   0.000003  
UNEDF2    96   152   0.270400   0.000003  
UNEDF2    96   154   0.265374   0.000002  
UNEDF2    96   156   0.258474   0.000001  
UNEDF2    96   158   0.249369   0.000000  
UNEDF2    96   160   0.236899   0.000000  
UNEDF2    96   162   0.219836   0.000000  
UNEDF2    96   164   0.201924   0.000000  
UNEDF2    96   166   0.183588   -0.000000  
UNEDF2    96   168   -0.148198   -0.000000  
UNEDF2    96   170   -0.136523   -0.000000  
UNEDF2    96   172   -0.121849   -0.000000  
UNEDF2    96   174   -0.104269   -0.000000  
UNEDF2    96   176   -0.083886   -0.000000  
UNEDF2    96   178   -0.058892   -0.000000  
UNEDF2    96   180   -0.000000   -0.000000  
UNEDF2    96   182   0.000137   -0.000000  
UNEDF2    96   184   -0.000102   0.000000  
UNEDF2    96   186   0.012535   0.052860  
UNEDF2    96   188   0.046458   0.100771  
UNEDF2    96   190   0.064408   0.120893  
UNEDF2    96   192   0.076764   0.135485  
UNEDF2    96   194   0.089075   0.148172  
UNEDF2    96   196   0.107262   0.161985  
UNEDF2    96   198   0.133671   0.176241  
UNEDF2    96   200   0.159579   0.183569  
UNEDF2    96   202   0.181582   0.180191  
UNEDF2    96   204   0.208123   0.152931  
UNEDF2    96   206   0.222648   0.009402  
UNEDF2    96   208   0.226890   0.000000  
UNEDF2    96   210   0.229844   0.000000  
UNEDF2    96   212   0.231606   0.000000  
UNEDF2    96   214   0.232132   0.000001  
UNEDF2    96   216   0.231261   0.000001  
UNEDF2    96   218   0.228797   0.000001  
UNEDF2    96   220   0.224641   0.000000  
UNEDF2    96   222   0.218935   0.000001  
UNEDF2    96   224   0.212151   0.004361  
UNEDF2    98   130   0.101978   0.172637  
UNEDF2    98   132   0.126288   0.195539  
UNEDF2    98   134   0.158758   0.215964  
UNEDF2    98   136   0.199568   0.228435  
UNEDF2    98   138   0.232180   0.229276  
UNEDF2    98   140   0.262942   0.218464  
UNEDF2    98   142   0.280908   0.196855  
UNEDF2    98   144   0.285255   0.153780  
UNEDF2    98   146   0.285513   0.118447  
UNEDF2    98   148   0.278361   0.000008  
UNEDF2    98   150   0.277389   0.000002  
UNEDF2    98   152   0.274766   0.000004  
UNEDF2    98   154   0.270253   0.000002  
UNEDF2    98   156   0.264097   0.000001  
UNEDF2    98   158   0.255641   0.000000  
UNEDF2    98   160   0.245483   0.000000  
UNEDF2    98   162   0.231260   0.000000  
UNEDF2    98   164   0.215023   0.000000  
UNEDF2    98   166   0.197521   0.000000  
UNEDF2    98   168   -0.157622   -0.000000  
UNEDF2    98   170   -0.147919   -0.000000  
UNEDF2    98   172   -0.135615   -0.000000  
UNEDF2    98   174   -0.119627   -0.000000  
UNEDF2    98   176   -0.100587   -0.000000  
UNEDF2    98   178   -0.076790   -0.000000  
UNEDF2    98   180   -0.038585   0.000000  
UNEDF2    98   182   -0.000180   0.000000  
UNEDF2    98   184   0.009918   0.052409  
UNEDF2    98   186   0.031369   0.093641  
UNEDF2    98   188   0.059195   0.123978  
UNEDF2    98   190   0.074603   0.140534  
UNEDF2    98   192   0.085726   0.153188  
UNEDF2    98   194   0.098398   0.165293  
UNEDF2    98   196   0.116514   0.178529  
UNEDF2    98   198   0.140370   0.190510  
UNEDF2    98   200   0.162773   0.196429  
UNEDF2    98   202   0.181302   0.195788  
UNEDF2    98   204   0.203728   0.182556  
UNEDF2    98   206   0.226794   0.008209  
UNEDF2    98   208   0.230829   0.000001  
UNEDF2    98   210   0.233675   0.000001  
UNEDF2    98   212   0.235474   0.000001  
UNEDF2    98   214   0.236251   0.000001  
UNEDF2    98   216   0.235926   0.000002  
UNEDF2    98   218   0.234397   0.000001  
UNEDF2    98   220   0.231640   0.000002  
UNEDF2    98   222   0.227782   -0.000712  
UNEDF2    98   224   0.223090   0.006987  
UNEDF2    98   226   0.217275   0.009167  
UNEDF2    98   228   0.209935   0.019325  
UNEDF2   100   132   0.126279   0.204836  
UNEDF2   100   134   0.153248   0.220513  
UNEDF2   100   136   0.194564   0.232564  
UNEDF2   100   138   0.225159   0.234002  
UNEDF2   100   140   0.260218   0.222476  
UNEDF2   100   142   0.286249   0.177908  
UNEDF2   100   144   0.290208   0.143697  
UNEDF2   100   146   0.294198   0.139305  
UNEDF2   100   148   0.284280   0.067541  
UNEDF2   100   150   0.279179   -0.000000  
UNEDF2   100   152   0.276459   -0.000000  
UNEDF2   100   154   0.272192   0.000003  
UNEDF2   100   156   0.266584   0.000001  
UNEDF2   100   158   0.259758   -0.000000  
UNEDF2   100   160   0.250837   0.000000  
UNEDF2   100   162   0.239721   0.000000  
UNEDF2   100   164   0.225952   0.000000  
UNEDF2   100   166   0.209685   0.000000  
UNEDF2   100   168   -0.164781   -0.000000  
UNEDF2   100   170   -0.156178   -0.000000  
UNEDF2   100   172   -0.145428   -0.000000  
UNEDF2   100   174   -0.130151   -0.000000  
UNEDF2   100   176   -0.111624   -0.000000  
UNEDF2   100   178   -0.089514   0.000000  
UNEDF2   100   180   -0.056383   0.000000  
UNEDF2   100   182   0.015028   0.060219  
UNEDF2   100   184   0.017237   0.078647  
UNEDF2   100   186   0.033531   0.107341  
UNEDF2   100   188   0.067707   0.141314  
UNEDF2   100   190   0.081721   0.156148  
UNEDF2   100   192   0.091850   0.167560  
UNEDF2   100   194   0.104184   0.178977  
UNEDF2   100   196   0.122183   0.191019  
UNEDF2   100   198   0.146644   0.200228  
UNEDF2   100   200   0.168490   0.203996  
UNEDF2   100   202   0.187231   0.201439  
UNEDF2   100   204   0.207926   0.182737  
UNEDF2   100   206   0.228349   0.007753  
UNEDF2   100   208   0.232727   0.000001  
UNEDF2   100   210   0.235704   0.000001  
UNEDF2   100   212   0.237702   0.000001  
UNEDF2   100   214   0.238871   0.002723  
UNEDF2   100   216   0.238994   0.002302  
UNEDF2   100   218   0.237985   0.000003  
UNEDF2   100   220   0.236120   0.002095  
UNEDF2   100   222   0.233187   -0.000447  
UNEDF2   100   224   0.229656   0.000801  
UNEDF2   100   226   0.225394   0.000865  
UNEDF2   100   228   -0.164867   0.000028  
UNEDF2   100   230   -0.163912   0.000030  
UNEDF2   100   232   -0.162256   0.000368  
UNEDF2   100   234   -0.159491   0.000012  
UNEDF2   100   236   -0.155819   0.000005  
UNEDF2   100   238   -0.151246   0.000684  
UNEDF2   100   240   -0.144652   0.000002  
UNEDF2   102   136   0.198998   0.238776  
UNEDF2   102   138   0.234205   0.240145  
UNEDF2   102   140   0.260953   0.228979  
UNEDF2   102   142   0.290719   0.168350  
UNEDF2   102   144   0.293001   0.132933  
UNEDF2   102   146   0.296975   0.135610  
UNEDF2   102   148   0.281427   0.011721  
UNEDF2   102   150   0.279475   -0.000000  
UNEDF2   102   152   0.276577   -0.000000  
UNEDF2   102   154   0.272550   -0.000000  
UNEDF2   102   156   0.267475   -0.000000  
UNEDF2   102   158   0.261545   -0.000000  
UNEDF2   102   160   0.254235   -0.000000  
UNEDF2   102   162   0.244640   -0.000000  
UNEDF2   102   164   0.233100   -0.000000  
UNEDF2   102   166   0.219251   -0.000000  
UNEDF2   102   168   0.201811   -0.000000  
UNEDF2   102   170   -0.161614   0.000000  
UNEDF2   102   172   -0.152113   0.000000  
UNEDF2   102   174   -0.137026   0.000000  
UNEDF2   102   176   -0.117519   -0.000000  
UNEDF2   102   178   -0.096377   0.000000  
UNEDF2   102   180   -0.063995   -0.000000  
UNEDF2   102   182   0.013701   0.068256  
UNEDF2   102   184   0.014852   0.085658  
UNEDF2   102   186   0.029727   0.113093  
UNEDF2   102   188   0.073396   0.154992  
UNEDF2   102   190   0.084394   0.167724  
UNEDF2   102   192   0.092622   0.177724  
UNEDF2   102   194   0.103155   0.187950  
UNEDF2   102   196   0.119227   0.198698  
UNEDF2   102   198   0.148607   0.206423  
UNEDF2   102   200   0.172586   0.208542  
UNEDF2   102   202   0.197810   0.196242  
UNEDF2   102   204   0.216886   0.155649  
UNEDF2   102   206   0.227424   0.008313  
UNEDF2   102   208   0.232476   -0.000000  
UNEDF2   102   210   0.236298   -0.000000  
UNEDF2   102   212   0.238610   -0.000000  
UNEDF2   102   214   0.240067   -0.000000  
UNEDF2   102   216   0.240639   0.001957  
UNEDF2   102   218   0.240074   0.001712  
UNEDF2   102   220   0.238460   0.001359  
UNEDF2   102   222   0.235994   0.001568  
UNEDF2   102   224   0.232991   0.004919  
UNEDF2   102   226   0.229361   0.004153  
UNEDF2   102   228   0.225051   0.003481  
UNEDF2   102   230   0.219604   0.004428  
UNEDF2   102   232   0.211245   0.003809  
UNEDF2   102   234   0.198550   0.007344  
UNEDF2   102   236   -0.162149   0.000382  
UNEDF2   102   238   -0.157715   0.000212  
UNEDF2   102   240   -0.151888   0.000167  
UNEDF2   102   242   -0.144217   0.000161  
UNEDF2   102   244   -0.134096   0.000158  
UNEDF2   102   246   -0.120941   0.000249  
UNEDF2   104   140   0.275509   0.247375  
UNEDF2   104   142   0.290108   0.213248  
UNEDF2   104   144   0.293707   0.123771  
UNEDF2   104   146   0.289002   0.086746  
UNEDF2   104   148   0.281153   -0.000000  
UNEDF2   104   150   0.278783   -0.000000  
UNEDF2   104   152   0.275668   -0.000000  
UNEDF2   104   154   0.271745   -0.000000  
UNEDF2   104   156   0.266989   -0.000000  
UNEDF2   104   158   0.261355   0.000000  
UNEDF2   104   160   0.254659   -0.000000  
UNEDF2   104   162   0.246428   -0.000000  
UNEDF2   104   164   0.235878   -0.000000  
UNEDF2   104   166   0.224184   -0.000000  
UNEDF2   104   168   0.208840   -0.000000  
UNEDF2   104   170   -0.164451   0.000000  
UNEDF2   104   172   -0.155822   0.000000  
UNEDF2   104   174   -0.140135   0.000000  
UNEDF2   104   176   -0.119855   -0.000000  
UNEDF2   104   178   -0.099484   -0.000000  
UNEDF2   104   180   -0.067053   -0.000000  
UNEDF2   104   182   0.003307   0.059806  
UNEDF2   104   184   0.009530   0.086034  
UNEDF2   104   186   0.024525   0.116012  
UNEDF2   104   188   0.072381   0.163383  
UNEDF2   104   190   0.081594   0.175091  
UNEDF2   104   192   0.087940   0.184000  
UNEDF2   104   194   0.094898   0.192786  
UNEDF2   104   196   0.105973   0.202777  
UNEDF2   104   198   0.146009   0.210684  
UNEDF2   104   200   0.180006   0.209293  
UNEDF2   104   202   0.212255   0.171519  
UNEDF2   104   204   0.224462   0.118103  
UNEDF2   104   206   0.228796   0.076293  
UNEDF2   104   208   0.231597   0.000002  
UNEDF2   104   210   0.234560   -0.000000  
UNEDF2   104   212   0.237353   -0.000000  
UNEDF2   104   214   0.238857   -0.000000  
UNEDF2   104   216   0.239514   -0.000000  
UNEDF2   104   218   0.239085   -0.000292  
UNEDF2   104   220   0.237623   0.002657  
UNEDF2   104   222   0.235202   0.000752  
UNEDF2   104   224   0.232198   0.003451  
UNEDF2   104   226   0.228639   0.002225  
UNEDF2   104   228   0.224408   0.002541  
UNEDF2   104   230   0.218966   0.002625  
UNEDF2   104   232   0.211510   0.004453  
UNEDF2   104   234   0.199482   0.004891  
UNEDF2   104   236   0.171847   0.004739  
UNEDF2   104   238   -0.161944   0.000805  
UNEDF2   104   240   -0.156127   0.000121  
UNEDF2   104   242   -0.147216   0.000001  
UNEDF2   104   244   -0.136176   0.000001  
UNEDF2   104   246   -0.122708   0.000000  
UNEDF2   104   248   -0.106551   0.000000  
UNEDF2   104   250   -0.088242   0.001784  
UNEDF2   104   252   -0.057500   0.015025  
UNEDF2   104   254   -0.004419   0.009403  
UNEDF2   104   256   -0.000265   0.000114  
UNEDF2   104   258   -0.000036   0.002442  
UNEDF2   106   146   0.284251   0.034786  
UNEDF2   106   148   0.280474   -0.000000  
UNEDF2   106   150   0.277106   -0.000000  
UNEDF2   106   152   0.273434   -0.000000  
UNEDF2   106   154   0.269280   -0.000000  
UNEDF2   106   156   0.264538   -0.000000  
UNEDF2   106   158   0.259041   -0.000000  
UNEDF2   106   160   0.252529   -0.000000  
UNEDF2   106   162   0.244540   -0.000000  
UNEDF2   106   164   0.234742   -0.000000  
UNEDF2   106   166   0.224039   -0.000000  
UNEDF2   106   168   0.210639   -0.000000  
UNEDF2   106   170   0.184149   0.000000  
UNEDF2   106   172   -0.156647   0.000000  
UNEDF2   106   174   -0.140170   -0.000000  
UNEDF2   106   176   -0.119773   -0.000000  
UNEDF2   106   178   -0.099588   0.000000  
UNEDF2   106   180   -0.067908   -0.000000  
UNEDF2   106   182   -0.007924   0.054382  
UNEDF2   106   184   0.001133   0.077053  
UNEDF2   106   186   0.021603   0.119360  
UNEDF2   106   188   0.067025   0.167941  
UNEDF2   106   190   0.075615   0.179420  
UNEDF2   106   192   0.079589   0.187560  
UNEDF2   106   194   0.082543   0.195300  
UNEDF2   106   196   0.083979   0.203724  
UNEDF2   106   198   0.041061   0.194158  
UNEDF2   106   200   0.193144   0.205107  
UNEDF2   106   202   0.224277   0.138735  
UNEDF2   106   204   0.229553   0.087333  
UNEDF2   106   206   0.231985   0.060195  
UNEDF2   106   208   0.233338   0.043207  
UNEDF2   106   210   0.233419   -0.000000  
UNEDF2   106   212   0.234445   -0.000000  
UNEDF2   106   214   0.235481   -0.000000  
UNEDF2   106   216   0.235849   -0.000000  
UNEDF2   106   218   0.235011   -0.000000  
UNEDF2   106   220   0.233279   0.001090  
UNEDF2   106   222   0.230690   0.004491  
UNEDF2   106   224   0.227429   0.000796  
UNEDF2   106   226   0.223682   0.003348  
UNEDF2   106   228   0.219100   0.000552  
UNEDF2   106   230   0.213323   0.000598  
UNEDF2   106   232   0.205540   0.002712  
UNEDF2   106   234   0.194473   0.002876  
UNEDF2   106   236   0.176319   0.003122  
UNEDF2   106   238   0.160209   0.002909  
UNEDF2   106   240   0.146876   0.000873  
UNEDF2   106   242   -0.148044   0.000316  
UNEDF2   106   244   -0.135453   0.000008  
UNEDF2   106   246   -0.122004   -0.000005  
UNEDF2   106   248   -0.105745   -0.000001  
UNEDF2   106   250   -0.083782   -0.000001  
UNEDF2   106   252   -0.046399   0.000088  
UNEDF2   106   254   -0.003651   -0.000001  
UNEDF2   106   256   -0.000193   0.000733  
UNEDF2   106   258   -0.002220   0.021891  
UNEDF2   108   150   0.274920   -0.000000  
UNEDF2   108   152   0.270062   -0.000000  
UNEDF2   108   154   0.265097   -0.000000  
UNEDF2   108   156   0.259867   -0.000000  
UNEDF2   108   158   0.254138   -0.000000  
UNEDF2   108   160   0.247548   -0.000000  
UNEDF2   108   162   0.239658   -0.000000  
UNEDF2   108   164   0.230063   -0.000000  
UNEDF2   108   166   0.219639   -0.000000  
UNEDF2   108   168   0.206469   0.000000  
UNEDF2   108   170   0.175237   -0.000000  
UNEDF2   108   172   -0.154717   -0.000000  
UNEDF2   108   174   -0.137743   0.000000  
UNEDF2   108   176   -0.117458   -0.000000  
UNEDF2   108   178   -0.097433   -0.000000  
UNEDF2   108   180   -0.062931   -0.000000  
UNEDF2   108   182   0.000315   -0.000000  
UNEDF2   108   184   -0.002453   0.067722  
UNEDF2   108   186   0.020868   0.122481  
UNEDF2   108   188   0.060154   0.169760  
UNEDF2   108   190   0.068538   0.182013  
UNEDF2   108   192   0.071541   0.190038  
UNEDF2   108   194   0.070971   0.196975  
UNEDF2   108   196   0.059248   0.201116  
UNEDF2   108   198   0.029363   0.197390  
UNEDF2   108   200   -0.016652   0.178068  
UNEDF2   108   202   -0.045045   0.167478  
UNEDF2   108   204   0.238068   0.065226  
UNEDF2   108   206   0.238513   -0.000000  
UNEDF2   108   208   0.236849   -0.000000  
UNEDF2   108   210   0.234890   -0.000000  
UNEDF2   108   212   0.233904   -0.000000  
UNEDF2   108   214   0.233119   -0.000000  
UNEDF2   108   216   0.231874   -0.000000  
UNEDF2   108   218   0.230567   -0.000000  
UNEDF2   108   220   0.227989   0.000795  
UNEDF2   108   222   0.224693   0.000656  
UNEDF2   108   224   0.220930   0.001610  
UNEDF2   108   226   0.216678   0.001095  
UNEDF2   108   228   0.211742   0.000424  
UNEDF2   108   230   0.205832   0.000373  
UNEDF2   108   232   0.198504   0.001110  
UNEDF2   108   234   0.189258   0.001461  
UNEDF2   108   236   0.177476   0.000499  
UNEDF2   108   238   0.163833   0.001912  
UNEDF2   108   240   0.150199   -0.000003  
UNEDF2   108   242   0.137110   0.000554  
UNEDF2   108   244   0.124073   0.000000  
UNEDF2   108   246   -0.118928   0.000014  
UNEDF2   108   248   -0.102671   -0.000003  
UNEDF2   108   250   -0.079746   -0.000004  
UNEDF2   108   252   -0.059483   0.010104  
UNEDF2   108   254   -0.000294   0.000602  
UNEDF2   108   256   -0.000218   0.000028  
UNEDF2   108   258   -0.000142   -0.000266  
UNEDF2   110   154   0.259880   -0.000000  
UNEDF2   110   156   0.253327   -0.000000  
UNEDF2   110   158   0.246830   -0.000000  
UNEDF2   110   160   0.239763   -0.000000  
UNEDF2   110   162   0.231428   -0.000000  
UNEDF2   110   164   0.222343   -0.000000  
UNEDF2   110   166   0.211621   0.000000  
UNEDF2   110   168   0.197635   0.000000  
UNEDF2   110   170   0.170629   0.000000  
UNEDF2   110   172   0.146133   0.000000  
UNEDF2   110   174   -0.133155   0.000000  
UNEDF2   110   176   -0.113248   0.000000  
UNEDF2   110   178   -0.092946   -0.000000  
UNEDF2   110   180   -0.056285   0.000000  
UNEDF2   110   182   0.000279   -0.000000  
UNEDF2   110   184   0.000190   -0.000000  
UNEDF2   110   186   0.026607   0.131974  
UNEDF2   110   188   0.054613   0.170644  
UNEDF2   110   190   0.062861   0.183843  
UNEDF2   110   192   0.064979   0.191159  
UNEDF2   110   194   0.062839   0.197424  
UNEDF2   110   196   0.047505   0.202856  
UNEDF2   110   198   0.022741   0.201667  
UNEDF2   110   200   -0.006193   0.191883  
UNEDF2   110   202   -0.040999   0.176000  
UNEDF2   110   204   -0.060055   0.169789  
UNEDF2   110   206   0.250355   -0.000000  
UNEDF2   110   208   0.245519   -0.000000  
UNEDF2   110   210   0.241412   -0.000000  
UNEDF2   110   212   0.237240   -0.000000  
UNEDF2   110   214   0.234506   -0.000000  
UNEDF2   110   216   0.231904   -0.000000  
UNEDF2   110   218   0.228582   -0.000000  
UNEDF2   110   220   0.224984   -0.000000  
UNEDF2   110   222   0.220651   0.000008  
UNEDF2   110   224   0.215906   0.000000  
UNEDF2   110   226   0.210962   0.001060  
UNEDF2   110   228   0.205583   0.001031  
UNEDF2   110   230   0.199632   0.000352  
UNEDF2   110   232   0.192837   0.000955  
UNEDF2   110   234   0.184744   0.000772  
UNEDF2   110   236   0.175099   0.000163  
UNEDF2   110   238   0.163847   0.000169  
UNEDF2   110   240   0.151185   -0.000000  
UNEDF2   110   242   0.138576   -0.000000  
UNEDF2   110   244   0.125742   0.000186  
UNEDF2   110   246   -0.114051   0.001332  
UNEDF2   110   248   -0.097226   0.000003  
UNEDF2   110   250   -0.070113   0.000002  
UNEDF2   110   252   -0.026936   -0.000023  
UNEDF2   110   254   -0.001331   -0.000005  
UNEDF2   110   256   -0.000169   -0.000010  
UNEDF2   110   258   -0.000134   0.000023  
UNEDF2   112   158   0.237978   -0.000000  
UNEDF2   112   160   0.230415   -0.000000  
UNEDF2   112   162   0.222204   0.000000  
UNEDF2   112   164   0.212959   0.000000  
UNEDF2   112   166   0.202164   0.000000  
UNEDF2   112   168   0.188089   0.000000  
UNEDF2   112   170   0.167747   0.000000  
UNEDF2   112   172   0.144671   -0.000000  
UNEDF2   112   174   0.120687   0.001278  
UNEDF2   112   176   -0.108097   0.000000  
UNEDF2   112   178   -0.086856   0.000000  
UNEDF2   112   180   -0.000000   -0.000000  
UNEDF2   112   182   0.000244   0.000000  
UNEDF2   112   184   0.000178   0.000000  
UNEDF2   112   186   0.030653   0.135613  
UNEDF2   112   188   0.051030   0.170882  
UNEDF2   112   190   0.058668   0.185279  
UNEDF2   112   192   0.059808   0.193259  
UNEDF2   112   194   0.056639   0.197394  
UNEDF2   112   196   0.039345   0.205175  
UNEDF2   112   198   0.018640   0.206620  
UNEDF2   112   200   -0.003092   0.201255  
UNEDF2   112   202   -0.032448   0.187576  
UNEDF2   112   204   -0.052919   0.179656  
UNEDF2   112   206   0.261241   0.000001  
UNEDF2   112   208   0.254419   -0.000000  
UNEDF2   112   210   0.249247   -0.000000  
UNEDF2   112   212   0.244956   -0.000000  
UNEDF2   112   214   0.240803   -0.000000  
UNEDF2   112   216   0.236513   -0.000000  
UNEDF2   112   218   0.231725   0.000570  
UNEDF2   112   220   0.226032   0.000000  
UNEDF2   112   222   0.219741   0.000033  
UNEDF2   112   224   0.213589   -0.000009  
UNEDF2   112   226   0.207446   0.001112  
UNEDF2   112   228   0.201193   0.000248  
UNEDF2   112   230   0.194855   0.000003  
UNEDF2   112   232   0.188116   0.000809  
UNEDF2   112   234   0.180349   0.000072  
UNEDF2   112   236   -0.158569   0.000171  
UNEDF2   112   238   0.161139   0.000012  
UNEDF2   112   240   -0.141343   0.000260  
UNEDF2   112   242   0.125906   -0.000006  
UNEDF2   112   244   0.119965   -0.000001  
UNEDF2   112   246   -0.107179   0.000039  
UNEDF2   112   248   -0.088475   0.000040  
UNEDF2   112   250   -0.057667   0.000045  
UNEDF2   112   252   -0.023119   0.000174  
UNEDF2   112   254   -0.000758   -0.000001  
UNEDF2   112   256   -0.000150   0.000076  
UNEDF2   112   258   -0.000125   -0.000006  
UNEDF2   114   160   0.223305   -0.000000  
UNEDF2   114   162   0.214984   -0.000000  
UNEDF2   114   164   0.205482   -0.000000  
UNEDF2   114   166   0.194700   -0.000000  
UNEDF2   114   168   0.181107   -0.000000  
UNEDF2   114   170   0.162989   0.000000  
UNEDF2   114   172   0.140585   -0.000000  
UNEDF2   114   174   -0.120794   -0.000000  
UNEDF2   114   176   -0.102782   -0.000000  
UNEDF2   114   178   -0.080960   -0.000000  
UNEDF2   114   180   -0.000000   0.000000  
UNEDF2   114   182   0.000220   -0.000000  
UNEDF2   114   184   0.000166   0.000000  
UNEDF2   114   186   0.000176   -0.000000  
UNEDF2   114   188   0.049162   0.169889  
UNEDF2   114   190   0.056161   0.186377  
UNEDF2   114   192   0.056650   0.195195  
UNEDF2   114   194   0.051218   0.199639  
UNEDF2   114   196   0.034678   0.208484  
UNEDF2   114   198   0.015450   0.211124  
UNEDF2   114   200   -0.000460   0.210255  
UNEDF2   114   202   -0.020332   0.203002  
UNEDF2   114   204   -0.042497   0.192636  
UNEDF2   114   206   -0.061269   0.184558  
UNEDF2   114   208   0.260708   -0.000000  
UNEDF2   114   210   0.254355   -0.000000  
UNEDF2   114   212   0.249477   -0.000000  
UNEDF2   114   214   0.244955   -0.000000  
UNEDF2   114   216   0.240460   0.000000  
UNEDF2   114   218   0.235385   -0.000000  
UNEDF2   114   220   0.229406   0.001431  
UNEDF2   114   222   0.222243   0.000363  
UNEDF2   114   224   0.213883   0.000170  
UNEDF2   114   226   0.206340   0.000003  
UNEDF2   114   228   0.199324   0.000284  
UNEDF2   114   230   0.192300   0.000309  
UNEDF2   114   232   0.185071   0.000635  
UNEDF2   114   234   0.177285   0.000412  
UNEDF2   114   236   -0.150974   -0.000001  
UNEDF2   114   238   -0.142478   0.000033  
UNEDF2   114   240   0.146513   0.000342  
UNEDF2   114   242   -0.122778   0.000017  
UNEDF2   114   244   -0.112535   0.000011  
UNEDF2   114   246   -0.099811   0.000008  
UNEDF2   114   248   -0.078373   0.000010  
UNEDF2   114   250   -0.044814   0.000009  
UNEDF2   114   252   -0.014766   -0.000005  
UNEDF2   114   254   -0.000576   0.000014  
UNEDF2   114   256   -0.000141   0.000055  
UNEDF2   114   258   -0.000119   -0.000004  
UNEDF2   116   164   0.201951   0.000000  
UNEDF2   116   166   0.190245   0.000000  
UNEDF2   116   168   0.175295   0.000000  
UNEDF2   116   170   -0.138004   0.000000  
UNEDF2   116   172   -0.130030   0.000000  
UNEDF2   116   174   -0.115728   0.000000  
UNEDF2   116   176   -0.098931   0.000000  
UNEDF2   116   178   -0.078630   0.000000  
UNEDF2   116   180   -0.000000   -0.000000  
UNEDF2   116   182   0.000207   0.000000  
UNEDF2   116   184   0.000162   0.000000  
UNEDF2   116   186   0.000169   0.000000  
UNEDF2   116   188   0.049086   0.167310  
UNEDF2   116   190   0.055519   0.186836  
UNEDF2   116   192   0.055650   0.197007  
UNEDF2   116   194   0.049284   0.202693  
UNEDF2   116   196   0.032902   0.212198  
UNEDF2   116   198   0.015403   0.216776  
UNEDF2   116   200   0.000873   0.217515  
UNEDF2   116   202   -0.013910   0.214882  
UNEDF2   116   204   -0.030672   0.208974  
UNEDF2   116   206   -0.048700   0.201028  
UNEDF2   116   208   -0.067469   0.192207  
UNEDF2   116   210   0.256427   -0.000000  
UNEDF2   116   212   0.250548   -0.000000  
UNEDF2   116   214   0.246346   0.000000  
UNEDF2   116   216   0.241969   -0.000000  
UNEDF2   116   218   0.237133   -0.000000  
UNEDF2   116   220   0.231639   0.000405  
UNEDF2   116   222   0.224964   0.000332  
UNEDF2   116   224   0.217397   0.000755  
UNEDF2   116   226   0.208868   0.000373  
UNEDF2   116   228   0.201056   -0.000007  
UNEDF2   116   230   0.193477   0.000048  
UNEDF2   116   232   0.185773   0.000848  
UNEDF2   116   234   0.177358   0.000029  
UNEDF2   116   236   0.167912   0.000338  
UNEDF2   116   238   -0.136953   0.000005  
UNEDF2   116   240   -0.126369   -0.000000  
UNEDF2   116   242   -0.116840   0.000006  
UNEDF2   116   244   -0.107202   0.000003  
UNEDF2   116   246   -0.093007   0.000002  
UNEDF2   116   248   -0.081564   0.000323  
UNEDF2   116   250   -0.039772   0.000073  
UNEDF2   116   252   -0.014849   -0.000002  
UNEDF2   116   254   -0.000421   -0.000000  
UNEDF2   116   256   -0.000141   0.000035  
UNEDF2   116   258   -0.000121   -0.000003  
UNEDF2   116   260   -0.000111   0.000272  
UNEDF2   118   170   -0.135541   0.000000  
UNEDF2   118   172   -0.127550   0.000000  
UNEDF2   118   174   -0.112750   0.000000  
UNEDF2   118   176   -0.097688   -0.000000  
UNEDF2   118   178   -0.075245   -0.000000  
UNEDF2   118   180   -0.000000   -0.000000  
UNEDF2   118   182   0.000192   0.000000  
UNEDF2   118   184   0.000153   -0.000000  
UNEDF2   118   186   0.000161   -0.000000  
UNEDF2   118   188   0.050168   0.164062  
UNEDF2   118   190   0.056700   0.186813  
UNEDF2   118   192   0.056980   0.198675  
UNEDF2   118   194   0.050544   0.205494  
UNEDF2   118   196   0.034886   0.215514  
UNEDF2   118   198   0.016994   0.221604  
UNEDF2   118   200   0.002671   0.223959  
UNEDF2   118   202   -0.011208   0.223498  
UNEDF2   118   204   -0.022772   0.223491  
UNEDF2   118   206   -0.036180   0.221093  
UNEDF2   118   208   -0.055497   0.212109  
UNEDF2   118   210   0.258939   -0.000000  
UNEDF2   118   212   0.251033   0.000000  
UNEDF2   118   214   0.246047   -0.000000  
UNEDF2   118   216   0.241591   -0.000000  
UNEDF2   118   218   0.236916   0.000000  
UNEDF2   118   220   0.231981   0.000336  
UNEDF2   118   222   0.226341   0.000898  
UNEDF2   118   224   0.219796   0.000353  
UNEDF2   118   226   0.212823   0.000426  
UNEDF2   118   228   0.205459   0.000011  
UNEDF2   118   230   0.198094   0.000325  
UNEDF2   118   232   -0.147229   -0.000000  
UNEDF2   118   234   -0.154258   0.001350  
UNEDF2   118   236   0.170405   0.000242  
UNEDF2   118   238   -0.140413   0.000001  
UNEDF2   118   240   -0.131237   0.000002  
UNEDF2   118   242   -0.119854   0.000002  
UNEDF2   118   244   -0.108953   0.000001  
UNEDF2   118   246   -0.092773   0.000001  
UNEDF2   118   248   -0.068077   -0.000000  
UNEDF2   118   250   -0.039650   0.000063  
UNEDF2   118   252   -0.004089   0.000410  
UNEDF2   118   254   -0.000532   0.000013  
UNEDF2   118   256   -0.000142   0.000036  
UNEDF2   118   258   -0.000119   0.000114  
UNEDF2   118   260   -0.000125   -0.000018  
UNEDF2   118   262   -0.000005   0.006435  
UNEDF2   118   264   -0.000570   0.006353  
UNEDF2   118   266   -0.016416   0.003060  
UNEDF2   118   268   -0.030541   -0.000201  
UNEDF2   118   270   -0.035123   0.049971  
UNEDF2   118   272   -0.052015   0.022717  
UNEDF2   118   274   -0.053826   0.031859  
UNEDF2   118   276   -0.049994   0.056251  
UNEDF2   118   278   -0.047813   0.058031  
UNEDF2   118   280   -0.045891   -0.027991  
UNEDF2   118   282   -0.037749   -0.041188  
UNEDF2   120   172   -0.134257   0.000000  
UNEDF2   120   174   -0.114866   0.000000  
UNEDF2   120   176   -0.090683   -0.000000  
UNEDF2   120   178   -0.067985   -0.000000  
UNEDF2   120   180   -0.000000   -0.000000  
UNEDF2   120   182   0.000166   -0.000000  
UNEDF2   120   184   -0.000137   -0.000000  
UNEDF2   120   186   -0.000143   0.000000  
UNEDF2   120   188   0.049020   0.155484  
UNEDF2   120   190   0.058738   0.185629  
UNEDF2   120   192   0.060050   0.198971  
UNEDF2   120   194   0.054753   0.207525  
UNEDF2   120   196   0.040833   0.218164  
UNEDF2   120   198   0.020585   0.225129  
UNEDF2   120   200   0.003955   0.228530  
UNEDF2   120   202   -0.011840   0.228672  
UNEDF2   120   204   -0.022619   0.230786  
UNEDF2   120   206   -0.032454   0.232185  
UNEDF2   120   208   -0.047005   0.227304  
UNEDF2   120   210   -0.065193   0.217367  
UNEDF2   120   212   0.252284   0.000000  
UNEDF2   120   214   0.245420   0.000000  
UNEDF2   120   216   0.240022   0.000000  
UNEDF2   120   218   0.235314   0.000000  
UNEDF2   120   220   0.230766   0.000631  
UNEDF2   120   222   0.225800   0.000399  
UNEDF2   120   224   0.220352   0.000613  
UNEDF2   120   226   0.214498   0.000287  
UNEDF2   120   228   0.208406   0.000841  
UNEDF2   120   230   0.201858   0.000261  
UNEDF2   120   232   -0.148857   0.000038  
UNEDF2   120   234   -0.145509   0.000004  
UNEDF2   120   236   -0.144877   -0.000000  
UNEDF2   120   238   -0.142893   -0.000000  
UNEDF2   120   240   -0.139314   0.000001  
UNEDF2   120   242   -0.133292   0.000001  
UNEDF2   120   244   -0.122205   -0.000000  
UNEDF2   120   246   -0.100829   0.000001  
UNEDF2   120   248   -0.072821   0.000002  
UNEDF2   120   250   -0.038759   0.000097  
UNEDF2   120   252   -0.016586   0.000111  
UNEDF2   120   254   -0.000493   0.000054  
UNEDF2   120   256   -0.000139   0.000074  
UNEDF2   120   258   -0.000121   -0.000022  
UNEDF2   120   260   -0.000080   0.001996  
UNEDF2   120   262   0.000122   0.007599  
UNEDF2   120   264   0.001582   0.023663  
UNEDF2   120   266   -0.012368   0.009922  
UNEDF2   120   268   -0.025886   0.030372  
UNEDF2   120   270   -0.047927   0.032993  
UNEDF2   120   272   -0.049202   0.057643  
UNEDF2   120   274   -0.046675   0.077036  
UNEDF2   120   276   -0.041827   0.096736  
UNEDF2   120   278   -0.037570   0.115875  
UNEDF2   120   280   -0.039555   0.101212  
UNEDF2   120   282   -0.037175   0.070446  
UNEDF2   120   284   -0.026465   0.025701  
UNEDF2   120   286   -0.014032   -0.012009  
UNEDF2   120   288   -0.006038   -0.001804  
UNEDF2   120   290   -0.002970   -0.000825  
UNEDF2   120   292   -0.001938   0.000014  
UNEDF2   120   294   -0.002764   -0.000129  
